0 1 0
1 2 -10
2 3 -29
3 4 -25
4 5 -9
5 6 55
6 7 71
7 8 98
8 9 77
9 10 27
10 11 -13
11 12 -62
12 13 -103
13 14 -146
14 15 -182
15 16 -162
16 17 -79
17 18 60
18 19 222
19 20 375
20 21 518
21 22 661
22 23 804
23 24 947
24 25 1090
25 26 1233
26 27 1376
27 28 1519
28 29 1662
29 30 1805
30 31 1948
31 32 2091
32 33 2234
33 34 2377
34 35 2520
35 36 2663
36 37 2806
37 38 2949
38 39 3092
39 40 3235
40 41 3378
41 42 3521
42 43 3664
43 44 3807
44 45 3950
45 46 4093
46 47 4236
47 48 4379
48 49 4522
49 50 4665
50 51 4808
51 52 4951
52 53 5094
53 54 5237
54 55 5380
55 56 5523
56 57 5666
57 58 5809
58 59 5952
59 60 6095
60 61 6238
61 62 6381
62 63 6524
63 64 6667
64 65 6810
65 66 6953
66 67 7096
67 68 7239
68 69 7382
69 70 7525
70 71 7668
71 72 7811
72 73 7954
73 74 8097
74 75 8240
75 74 8383
76 73 8546
77 72 8727
78 71 8862
79 70 8973
80 69 8988
81 68 9099
82 67 9188
83 66 9373
84 65 9616
85 64 9839
86 63 10080
87 62 10305
88 61 10534
89 60 10749
90 59 10852
91 58 10829
92 57 10694
93 56 10513
94 55 10350
95 54 10207
96 53 10064
97 52 9921
98 51 9778
99 50 9635
100 49 9492
101 48 9349
102 47 9206
103 46 9063
104 45 8920
105 44 8777
106 43 8634
107 42 8491
108 41 8348
109 40 8205
110 39 8062
111 38 7919
112 37 7776
113 36 7633
114 35 7490
115 34 7347
116 33 7204
117 32 7061
118 31 6918
119 30 6775
120 29 6632
121 28 6489
122 27 6346
123 26 6203
124 25 6060
125 24 5917
126 23 5774
127 22 5631
128 21 5488
129 20 5345
130 19 5202
131 18 5059
132 17 4916
133 16 4773
134 15 4630
135 14 4487
136 13 4344
137 12 4201
138 11 4058
139 10 3915
140 9 3772
141 8 3629
142 7 3486
143 6 3343
144 5 3200
145 4 3057
146 3 2914
147 2 2771
148 1 2628
149 0 2485
150 -1 2342
151 -2 2199
152 -3 2056
153 -4 1913
154 -5 1770
155 -6 1627
156 -7 1484
157 -8 1341
158 -9 1198
159 -10 1055
160 -11 912
161 -12 769
162 -13 626
163 -14 483
164 -15 340
165 -16 197
166 -17 54
167 -18 -89
168 -19 -232
169 -20 -375
170 -21 -518
171 -22 -661
172 -23 -804
173 -24 -947
174 -25 -1090
175 -26 -1233
176 -27 -1376
177 -28 -1519
178 -29 -1662
179 -30 -1805
180 -31 -1948
181 -32 -2091
182 -33 -2234
183 -34 -2377
184 -35 -2520
185 -36 -2663
186 -37 -2806
187 -38 -2949
188 -39 -3092
189 -40 -3235
190 -41 -3378
191 -42 -3521
192 -43 -3664
193 -44 -3807
194 -45 -3950
195 -46 -4093
196 -47 -4236
197 -48 -4379
198 -49 -4522
199 -50 -4665
200 -51 -4808
201 -52 -4951
202 -53 -5094
203 -54 -5237
204 -55 -5380
205 -56 -5523
206 -57 -5666
207 -58 -5809
208 -59 -5952
209 -60 -6095
210 -61 -6238
211 -62 -6381
212 -63 -6524
213 -64 -6667
214 -65 -6810
215 -66 -6953
216 -67 -7096
217 -68 -7239
218 -69 -7382
219 -70 -7525
220 -71 -7668
221 -72 -7811
222 -73 -7954
223 -74 -8097
224 -75 -8240
225 -74 -8383
226 -73 -8546
227 -72 -8727
228 -71 -8862
229 -70 -8973
230 -69 -8988
231 -68 -9099
232 -67 -9188
233 -66 -9373
234 -65 -9616
235 -64 -9839
236 -63 -10080
237 -62 -10305
238 -61 -10534
239 -60 -10749
240 -59 -10852
241 -58 -10829
242 -57 -10694
243 -56 -10513
244 -55 -10350
245 -54 -10207
246 -53 -10064
247 -52 -9921
248 -51 -9778
249 -50 -9635
250 -49 -9492
251 -48 -9349
252 -47 -9206
253 -46 -9063
254 -45 -8920
255 -44 -8777
256 -43 -8634
257 -42 -8491
258 -41 -8348
259 -40 -8205
260 -39 -8062
261 -38 -7919
262 -37 -7776
263 -36 -7633
264 -35 -7490
265 -34 -7347
266 -33 -7204
267 -32 -7061
268 -31 -6918
269 -30 -6775
270 -29 -6632
271 -28 -6489
272 -27 -6346
273 -26 -6203
274 -25 -6060
275 -24 -5917
276 -23 -5774
277 -22 -5631
278 -21 -5488
279 -20 -5345
280 -19 -5202
281 -18 -5059
282 -17 -4916
283 -16 -4773
284 -15 -4630
285 -14 -4487
286 -13 -4344
287 -12 -4201
288 -11 -4058
289 -10 -3915
290 -9 -3772
291 -8 -3629
292 -7 -3486
293 -6 -3343
294 -5 -3200
295 -4 -3057
296 -3 -2914
297 -2 -2771
298 -1 -2628
299 0 -2485
300 1 -2342
301 2 -2199
302 3 -2056
303 4 -1913
304 5 -1770
305 6 -1627
306 7 -1484
307 8 -1341
308 9 -1198
309 10 -1055
310 11 -912
311 12 -769
312 13 -626
313 14 -483
314 15 -340
315 16 -197
316 17 -54
317 18 89
318 19 232
319 20 375
320 21 518
321 22 661
322 23 804
323 24 947
324 25 1090
325 26 1233
326 27 1376
327 28 1519
328 29 1662
329 30 1805
330 31 1948
331 32 2091
332 33 2234
333 34 2377
334 35 2520
335 36 2663
336 37 2806
337 38 2949
338 39 3092
339 40 3235
340 41 3378
341 42 3521
342 43 3664
343 44 3807
344 45 3950
345 46 4093
346 47 4236
347 48 4379
348 49 4522
349 50 4665
350 51 4808
351 52 4951
352 53 5094
353 54 5237
354 55 5380
355 56 5523
356 57 5666
357 58 5809
358 59 5952
359 60 6095
360 61 6238
361 62 6381
362 63 6524
363 64 6667
364 65 6810
365 66 6953
366 67 7096
367 68 7239
368 69 7382
369 70 7525
370 71 7668
371 72 7811
372 73 7954
373 74 8097
374 75 8240
375 74 8383
376 73 8546
377 72 8727
378 71 8862
379 70 8973
380 69 8988
381 68 9099
382 67 9188
383 66 9373
384 65 9616
385 64 9839
386 63 10080
387 62 10305
388 61 10534
389 60 10749
390 59 10852
391 58 10829
392 57 10694
393 56 10513
394 55 10350
395 54 10207
396 53 10064
397 52 9921
398 51 9778
399 50 9635
400 49 9492
401 48 9349
402 47 9206
403 46 9063
404 45 8920
405 44 8777
406 43 8634
407 42 8491
408 41 8348
409 40 8205
410 39 8062
411 38 7919
412 37 7776
413 36 7633
414 35 7490
415 34 7347
416 33 7204
417 32 7061
418 31 6918
419 30 6775
420 29 6632
421 28 6489
422 27 6346
423 26 6203
424 25 6060
425 24 5917
426 23 5774
427 22 5631
428 21 5488
429 20 5345
430 19 5202
431 18 5059
432 17 4916
433 16 4773
434 15 4630
435 14 4487
436 13 4344
437 12 4201
438 11 4058
439 10 3915
440 9 3772
441 8 3629
442 7 3486
443 6 3343
444 5 3200
445 4 3057
446 3 2914
447 2 2771
448 1 2628
449 0 2485
450 -1 2342
451 -2 2199
452 -3 2056
453 -4 1913
454 -5 1770
455 -6 1627
456 -7 1484
457 -8 1341
458 -9 1198
459 -10 1055
460 -11 912
461 -12 769
462 -13 626
463 -14 483
464 -15 340
465 -16 197
466 -17 54
467 -18 -89
468 -19 -232
469 -20 -375
470 -21 -518
471 -22 -661
472 -23 -804
473 -24 -947
474 -25 -1090
475 -26 -1233
476 -27 -1376
477 -28 -1519
478 -29 -1662
479 -30 -1805
480 -31 -1948
481 -32 -2091
482 -33 -2234
483 -34 -2377
484 -35 -2520
485 -36 -2663
486 -37 -2806
487 -38 -2949
488 -39 -3092
489 -40 -3235
490 -41 -3378
491 -42 -3521
492 -43 -3664
493 -44 -3807
494 -45 -3950
495 -46 -4093
496 -47 -4236
497 -48 -4379
498 -49 -4522
499 -50 -4665
500 -51 -4808
501 -52 -4951
502 -53 -5094
503 -54 -5237
504 -55 -5380
505 -56 -5523
506 -57 -5666
507 -58 -5809
508 -59 -5952
509 -60 -6095
510 -61 -6238
511 -62 -6381
512 -63 -6524
513 -64 -6667
514 -65 -6810
515 -66 -6953
516 -67 -7096
517 -68 -7239
518 -69 -7382
519 -70 -7525
520 -71 -7668
521 -72 -7811
522 -73 -7954
523 -74 -8097
524 -75 -8240
525 -74 -8383
526 -73 -8546
527 -72 -8727
528 -71 -8862
529 -70 -8973
530 -69 -8988
531 -68 -9099
532 -67 -9188
533 -66 -9373
534 -65 -9616
535 -64 -9839
536 -63 -10080
537 -62 -10305
538 -61 -10534
539 -60 -10749
540 -59 -10852
541 -58 -10829
542 -57 -10694
543 -56 -10513
544 -55 -10350
545 -54 -10207
546 -53 -10064
547 -52 -9921
548 -51 -9778
549 -50 -9635
550 -49 -9492
551 -48 -9349
552 -47 -9206
553 -46 -9063
554 -45 -8920
555 -44 -8777
556 -43 -8634
557 -42 -8491
558 -41 -8348
559 -40 -8205
560 -39 -8062
561 -38 -7919
562 -37 -7776
563 -36 -7633
564 -35 -7490
565 -34 -7347
566 -33 -7204
567 -32 -7061
568 -31 -6918
569 -30 -6775
570 -29 -6632
571 -28 -6489
572 -27 -6346
573 -26 -6203
574 -25 -6060
575 -24 -5917
576 -23 -5774
577 -22 -5631
578 -21 -5488
579 -20 -5345
580 -19 -5202
581 -18 -5059
582 -17 -4916
583 -16 -4773
584 -15 -4630
585 -14 -4487
586 -13 -4344
587 -12 -4201
588 -11 -4058
589 -10 -3915
590 -9 -3772
591 -8 -3629
592 -7 -3486
593 -6 -3343
594 -5 -3200
595 -4 -3057
596 -3 -2914
597 -2 -2771
598 -1 -2628
599 0 -2485
600 1 -2342
601 2 -2199
602 3 -2056
603 4 -1913
604 5 -1770
605 6 -1627
606 7 -1484
607 8 -1341
608 9 -1198
609 10 -1055
610 11 -912
611 12 -769
612 13 -626
613 14 -483
614 15 -340
615 16 -197
616 17 -54
617 18 89
618 19 232
619 20 375
620 21 518
621 22 661
622 23 804
623 24 947
624 25 1090
625 26 1233
626 27 1376
627 28 1519
628 29 1662
629 30 1805
630 31 1948
631 32 2091
632 33 2234
633 34 2377
634 35 2520
635 36 2663
636 37 2806
637 38 2949
638 39 3092
639 40 3235
640 41 3378
641 42 3521
642 43 3664
643 44 3807
644 45 3950
645 46 4093
646 47 4236
647 48 4379
648 49 4522
649 50 4665
650 51 4808
651 52 4951
652 53 5094
653 54 5237
654 55 5380
655 56 5523
656 57 5666
657 58 5809
658 59 5952
659 60 6095
660 61 6238
661 62 6381
662 63 6524
663 64 6667
664 65 6810
665 66 6953
666 67 7096
667 68 7239
668 69 7382
669 70 7525
670 71 7668
671 72 7811
672 73 7954
673 74 8097
674 75 8240
675 74 8383
676 73 8546
677 72 8727
678 71 8862
679 70 8973
680 69 8988
681 68 9099
682 67 9188
683 66 9373
684 65 9616
685 64 9839
686 63 10080
687 62 10305
688 61 10534
689 60 10749
690 59 10852
691 58 10829
692 57 10694
693 56 10513
694 55 10350
695 54 10207
696 53 10064
697 52 9921
698 51 9778
699 50 9635
700 49 9492
701 48 9349
702 47 9206
703 46 9063
704 45 8920
705 44 8777
706 43 8634
707 42 8491
708 41 8348
709 40 8205
710 39 8062
711 38 7919
712 37 7776
713 36 7633
714 35 7490
715 34 7347
716 33 7204
717 32 7061
718 31 6918
719 30 6775
720 29 6632
721 28 6489
722 27 6346
723 26 6203
724 25 6060
725 24 5917
726 23 5774
727 22 5631
728 21 5488
729 20 5345
730 19 5202
731 18 5059
732 17 4916
733 16 4773
734 15 4630
735 14 4487
736 13 4344
737 12 4201
738 11 4058
739 10 3915
740 9 3772
741 8 3629
742 7 3486
743 6 3343
744 5 3200
745 4 3057
746 3 2914
747 2 2771
748 1 2628
749 0 2485
750 -1 2342
751 -2 2199
752 -3 2056
753 -4 1913
754 -5 1770
755 -6 1627
756 -7 1484
757 -8 1341
758 -9 1198
759 -10 1055
760 -11 912
761 -12 769
762 -13 626
763 -14 483
764 -15 340
765 -16 197
766 -17 54
767 -18 -89
768 -19 -232
769 -20 -375
770 -21 -518
771 -22 -661
772 -23 -804
773 -24 -947
774 -25 -1090
775 -26 -1233
776 -27 -1376
777 -28 -1519
778 -29 -1662
779 -30 -1805
780 -31 -1948
781 -32 -2091
782 -33 -2234
783 -34 -2377
784 -35 -2520
785 -36 -2663
786 -37 -2806
787 -38 -2949
788 -39 -3092
789 -40 -3235
790 -41 -3378
791 -42 -3521
792 -43 -3664
793 -44 -3807
794 -45 -3950
795 -46 -4093
796 -47 -4236
797 -48 -4379
798 -49 -4522
799 -50 -4665
800 -51 -4808
801 -52 -4951
802 -53 -5094
803 -54 -5237
804 -55 -5380
805 -56 -5523
806 -57 -5666
807 -58 -5809
808 -59 -5952
809 -60 -6095
810 -61 -6238
811 -62 -6381
812 -63 -6524
813 -64 -6667
814 -65 -6810
815 -66 -6953
816 -67 -7096
817 -68 -7239
818 -69 -7382
819 -70 -7525
820 -71 -7668
821 -72 -7811
822 -73 -7954
823 -74 -8097
824 -75 -8240
825 -74 -8383
826 -73 -8546
827 -72 -8727
828 -71 -8862
829 -70 -8973
830 -69 -8988
831 -68 -9099
832 -67 -9188
833 -66 -9373
834 -65 -9616
835 -64 -9839
836 -63 -10080
837 -62 -10305
838 -61 -10534
839 -60 -10749
840 -59 -10852
841 -58 -10829
842 -57 -10694
843 -56 -10513
844 -55 -10350
845 -54 -10207
846 -53 -10064
847 -52 -9921
848 -51 -9778
849 -50 -9635
850 -49 -9492
851 -48 -9349
852 -47 -9206
853 -46 -9063
854 -45 -8920
855 -44 -8777
856 -43 -8634
857 -42 -8491
858 -41 -8348
859 -40 -8205
860 -39 -8062
861 -38 -7919
862 -37 -7776
863 -36 -7633
864 -35 -7490
865 -34 -7347
866 -33 -7204
867 -32 -7061
868 -31 -6918
869 -30 -6775
870 -29 -6632
871 -28 -6489
872 -27 -6346
873 -26 -6203
874 -25 -6060
875 -24 -5917
876 -23 -5774
877 -22 -5631
878 -21 -5488
879 -20 -5345
880 -19 -5202
881 -18 -5059
882 -17 -4916
883 -16 -4773
884 -15 -4630
885 -14 -4487
886 -13 -4344
887 -12 -4201
888 -11 -4058
889 -10 -3915
890 -9 -3772
891 -8 -3629
892 -7 -3486
893 -6 -3343
894 -5 -3200
895 -4 -3057
896 -3 -2914
897 -2 -2771
898 -1 -2628
899 0 -2485
900 1 -2342
901 2 -2199
902 3 -2056
903 4 -1913
904 5 -1770
905 6 -1627
906 7 -1484
907 8 -1341
908 9 -1198
909 10 -1055
910 11 -912
911 12 -769
912 13 -626
913 14 -483
914 15 -340
915 16 -197
916 17 -54
917 18 89
918 19 232
919 20 375
920 21 518
921 22 661
922 23 804
923 24 947
924 25 1090
925 26 1233
926 27 1376
927 28 1519
928 29 1662
929 30 1805
930 31 1948
931 32 2091
932 33 2234
933 34 2377
934 35 2520
935 36 2663
936 37 2806
937 38 2949
938 39 3092
939 40 3235
940 41 3378
941 42 3521
942 43 3664
943 44 3807
944 45 3950
945 46 4093
946 47 4236
947 48 4379
948 49 4522
949 50 4665
950 51 4808
951 52 4951
952 53 5094
953 54 5237
954 55 5380
955 56 5523
956 57 5666
957 58 5809
958 59 5952
959 60 6095
960 61 6238
961 62 6381
962 63 6524
963 64 6667
964 65 6810
965 66 6953
966 67 7096
967 68 7239
968 69 7382
969 70 7525
970 71 7668
971 72 7811
972 73 7954
973 74 8097
974 75 8240
975 74 8383
976 73 8546
977 72 8727
978 71 8862
979 70 8973
980 69 8988
981 68 9099
982 67 9188
983 66 9373
984 65 9616
985 64 9839
986 63 10080
987 62 10305
988 61 10534
989 60 10749
990 59 10852
991 58 10829
992 57 10694
993 56 10513
994 55 10350
995 54 10207
996 53 10064
997 52 9921
998 51 9778
999 50 9635
1000 49 9492
1001 48 9349
1002 47 9206
1003 46 9063
1004 45 8920
1005 44 8777
1006 43 8634
1007 42 8491
1008 41 8348
1009 40 8205
1010 39 8062
1011 38 7919
1012 37 7776
1013 36 7633
1014 35 7490
1015 34 7347
1016 33 7204
1017 32 7061
1018 31 6918
1019 30 6775
1020 29 6632
1021 28 6489
1022 27 6346
1023 26 6203
1024 25 6060
1025 24 5917
1026 23 5774
1027 22 5631
1028 21 5488
1029 20 5345
1030 19 5202
1031 18 5059
1032 17 4916
1033 16 4773
1034 15 4630
1035 14 4487
1036 13 4344
1037 12 4201
1038 11 4058
1039 10 3915
1040 9 3772
1041 8 3629
1042 7 3486
1043 6 3343
1044 5 3200
1045 4 3057
1046 3 2914
1047 2 2771
1048 1 2628
1049 0 2485
1050 -1 2342
1051 -2 2199
1052 -3 2056
1053 -4 1913
1054 -5 1770
1055 -6 1627
1056 -7 1484
1057 -8 1341
1058 -9 1198
1059 -10 1055
1060 -11 912
1061 -12 769
1062 -13 626
1063 -14 483
1064 -15 340
1065 -16 197
1066 -17 54
1067 -18 -89
1068 -19 -232
1069 -20 -375
1070 -21 -518
1071 -22 -661
1072 -23 -804
1073 -24 -947
1074 -25 -1090
1075 -26 -1233
1076 -27 -1376
1077 -28 -1519
1078 -29 -1662
1079 -30 -1805
1080 -31 -1948
1081 -32 -2091
1082 -33 -2234
1083 -34 -2377
1084 -35 -2520
1085 -36 -2663
1086 -37 -2806
1087 -38 -2949
1088 -39 -3092
1089 -40 -3235
1090 -41 -3378
1091 -42 -3521
1092 -43 -3664
1093 -44 -3807
1094 -45 -3950
1095 -46 -4093
1096 -47 -4236
1097 -48 -4379
1098 -49 -4522
1099 -50 -4665
1100 -51 -4808
1101 -52 -4951
1102 -53 -5094
1103 -54 -5237
1104 -55 -5380
1105 -56 -5523
1106 -57 -5666
1107 -58 -5809
1108 -59 -5952
1109 -60 -6095
1110 -61 -6238
1111 -62 -6381
1112 -63 -6524
1113 -64 -6667
1114 -65 -6810
1115 -66 -6953
1116 -67 -7096
1117 -68 -7239
1118 -69 -7382
1119 -70 -7525
1120 -71 -7668
1121 -72 -7811
1122 -73 -7954
1123 -74 -8097
1124 -75 -8240
1125 -74 -8383
1126 -73 -8546
1127 -72 -8727
1128 -71 -8862
1129 -70 -8973
1130 -69 -8988
1131 -68 -9099
1132 -67 -9188
1133 -66 -9373
1134 -65 -9616
1135 -64 -9839
1136 -63 -10080
1137 -62 -10305
1138 -61 -10534
1139 -60 -10749
1140 -59 -10852
1141 -58 -10829
1142 -57 -10694
1143 -56 -10513
1144 -55 -10350
1145 -54 -10207
1146 -53 -10064
1147 -52 -9921
1148 -51 -9778
1149 -50 -9635
1150 -49 -9492
1151 -48 -9349
1152 -47 -9206
1153 -46 -9063
1154 -45 -8920
1155 -44 -8777
1156 -43 -8634
1157 -42 -8491
1158 -41 -8348
1159 -40 -8205
1160 -39 -8062
1161 -38 -7919
1162 -37 -7776
1163 -36 -7633
1164 -35 -7490
1165 -34 -7347
1166 -33 -7204
1167 -32 -7061
1168 -31 -6918
1169 -30 -6775
1170 -29 -6632
1171 -28 -6489
1172 -27 -6346
1173 -26 -6203
1174 -25 -6060
1175 -24 -5917
1176 -23 -5774
1177 -22 -5631
1178 -21 -5488
1179 -20 -5345
1180 -19 -5202
1181 -18 -5059
1182 -17 -4916
1183 -16 -4773
1184 -15 -4630
1185 -14 -4487
1186 -13 -4344
1187 -12 -4201
1188 -11 -4058
1189 -10 -3915
1190 -9 -3772
1191 -8 -3629
1192 -7 -3486
1193 -6 -3343
1194 -5 -3200
1195 -4 -3057
1196 -3 -2914
1197 -2 -2771
1198 -1 -2628
1199 0 -2485
1200 1 -2342
1201 2 -2199
1202 3 -2056
1203 4 -1913
1204 5 -1770
1205 6 -1627
1206 7 -1484
1207 8 -1341
1208 9 -1198
1209 10 -1055
1210 11 -912
1211 12 -769
1212 13 -626
1213 14 -483
1214 15 -340
1215 16 -197
1216 17 -54
1217 18 89
1218 19 232
1219 20 375
1220 21 518
1221 22 661
1222 23 804
1223 24 947
1224 25 1090
1225 26 1233
1226 27 1376
1227 28 1519
1228 29 1662
1229 30 1805
1230 31 1948
1231 32 2091
1232 33 2234
1233 34 2377
1234 35 2520
1235 36 2663
1236 37 2806
1237 38 2949
1238 39 3092
1239 40 3235
1240 41 3378
1241 42 3521
1242 43 3664
1243 44 3807
1244 45 3950
1245 46 4093
1246 47 4236
1247 48 4379
1248 49 4522
1249 50 4665
1250 51 4808
1251 52 4951
1252 53 5094
1253 54 5237
1254 55 5380
1255 56 5523
1256 57 5666
1257 58 5809
1258 59 5952
1259 60 6095
1260 61 6238
1261 62 6381
1262 63 6524
1263 64 6667
1264 65 6810
1265 66 6953
1266 67 7096
1267 68 7239
1268 69 7382
1269 70 7525
1270 71 7668
1271 72 7811
1272 73 7954
1273 74 8097
1274 75 8240
1275 74 8383
1276 73 8546
1277 72 8727
1278 71 8862
1279 70 8973
1280 69 8988
1281 68 9099
1282 67 9188
1283 66 9373
1284 65 9616
1285 64 9839
1286 63 10080
1287 62 10305
1288 61 10534
1289 60 10749
1290 59 10852
1291 58 10829
1292 57 10694
1293 56 10513
1294 55 10350
1295 54 10207
1296 53 10064
1297 52 9921
1298 51 9778
1299 50 9635
1300 49 9492
1301 48 9349
1302 47 9206
1303 46 9063
1304 45 8920
1305 44 8777
1306 43 8634
1307 42 8491
1308 41 8348
1309 40 8205
1310 39 8062
1311 38 7919
1312 37 7776
1313 36 7633
1314 35 7490
1315 34 7347
1316 33 7204
1317 32 7061
1318 31 6918
1319 30 6775
1320 29 6632
1321 28 6489
1322 27 6346
1323 26 6203
1324 25 6060
1325 24 5917
1326 23 5774
1327 22 5631
1328 21 5488
1329 20 5345
1330 19 5202
1331 18 5059
1332 17 4916
1333 16 4773
1334 15 4630
1335 14 4487
1336 13 4344
1337 12 4201
1338 11 4058
1339 10 3915
1340 9 3772
1341 8 3629
1342 7 3486
1343 6 3343
1344 5 3200
1345 4 3057
1346 3 2914
1347 2 2771
1348 1 2628
1349 0 2485
1350 -1 2342
1351 -2 2199
1352 -3 2056
1353 -4 1913
1354 -5 1770
1355 -6 1627
1356 -7 1484
1357 -8 1341
1358 -9 1198
1359 -10 1055
1360 -11 912
1361 -12 769
1362 -13 626
1363 -14 483
1364 -15 340
1365 -16 197
1366 -17 54
1367 -18 -89
1368 -19 -232
1369 -20 -375
1370 -21 -518
1371 -22 -661
1372 -23 -804
1373 -24 -947
1374 -25 -1090
1375 -26 -1233
1376 -27 -1376
1377 -28 -1519
1378 -29 -1662
1379 -30 -1805
1380 -31 -1948
1381 -32 -2091
1382 -33 -2234
1383 -34 -2377
1384 -35 -2520
1385 -36 -2663
1386 -37 -2806
1387 -38 -2949
1388 -39 -3092
1389 -40 -3235
1390 -41 -3378
1391 -42 -3521
1392 -43 -3664
1393 -44 -3807
1394 -45 -3950
1395 -46 -4093
1396 -47 -4236
1397 -48 -4379
1398 -49 -4522
1399 -50 -4665
1400 -51 -4808
1401 -52 -4951
1402 -53 -5094
1403 -54 -5237
1404 -55 -5380
1405 -56 -5523
1406 -57 -5666
1407 -58 -5809
1408 -59 -5952
1409 -60 -6095
1410 -61 -6238
1411 -62 -6381
1412 -63 -6524
1413 -64 -6667
1414 -65 -6810
1415 -66 -6953
1416 -67 -7096
1417 -68 -7239
1418 -69 -7382
1419 -70 -7525
1420 -71 -7668
1421 -72 -7811
1422 -73 -7954
1423 -74 -8097
1424 -75 -8240
1425 -74 -8383
1426 -73 -8546
1427 -72 -8727
1428 -71 -8862
1429 -70 -8973
1430 -69 -8988
1431 -68 -9099
1432 -67 -9188
1433 -66 -9373
1434 -65 -9616
1435 -64 -9839
1436 -63 -10080
1437 -62 -10305
1438 -61 -10534
1439 -60 -10749
1440 -59 -10852
1441 -58 -10829
1442 -57 -10694
1443 -56 -10513
1444 -55 -10350
1445 -54 -10207
1446 -53 -10064
1447 -52 -9921
1448 -51 -9778
1449 -50 -9635
1450 -49 -9492
1451 -48 -9349
1452 -47 -9206
1453 -46 -9063
1454 -45 -8920
1455 -44 -8777
1456 -43 -8634
1457 -42 -8491
1458 -41 -8348
1459 -40 -8205
1460 -39 -8062
1461 -38 -7919
1462 -37 -7776
1463 -36 -7633
1464 -35 -7490
1465 -34 -7347
1466 -33 -7204
1467 -32 -7061
1468 -31 -6918
1469 -30 -6775
1470 -29 -6632
1471 -28 -6489
1472 -27 -6346
1473 -26 -6203
1474 -25 -6060
1475 -24 -5917
1476 -23 -5774
1477 -22 -5631
1478 -21 -5488
1479 -20 -5345
1480 -19 -5202
1481 -18 -5059
1482 -17 -4916
1483 -16 -4773
1484 -15 -4630
1485 -14 -4487
1486 -13 -4344
1487 -12 -4201
1488 -11 -4058
1489 -10 -3915
1490 -9 -3772
1491 -8 -3629
1492 -7 -3486
1493 -6 -3343
1494 -5 -3200
1495 -4 -3057
1496 -3 -2914
1497 -2 -2771
1498 -1 -2628
1499 0 -2485
1500 1 -2342
1501 2 -2199
1502 3 -2056
1503 4 -1913
1504 5 -1770
1505 6 -1627
1506 7 -1484
1507 8 -1341
1508 9 -1198
1509 10 -1055
1510 11 -912
1511 12 -769
1512 13 -626
1513 14 -483
1514 15 -340
1515 16 -197
1516 17 -54
1517 18 89
1518 19 232
1519 20 375
1520 21 518
1521 22 661
1522 23 804
1523 24 947
1524 25 1090
1525 26 1233
1526 27 1376
1527 28 1519
1528 29 1662
1529 30 1805
1530 31 1948
1531 32 2091
1532 33 2234
1533 34 2377
1534 35 2520
1535 36 2663
1536 37 2806
1537 38 2949
1538 39 3092
1539 40 3235
1540 41 3378
1541 42 3521
1542 43 3664
1543 44 3807
1544 45 3950
1545 46 4093
1546 47 4236
1547 48 4379
1548 49 4522
1549 50 4665
1550 51 4808
1551 52 4951
1552 53 5094
1553 54 5237
1554 55 5380
1555 56 5523
1556 57 5666
1557 58 5809
1558 59 5952
1559 60 6095
1560 61 6238
1561 62 6381
1562 63 6524
1563 64 6667
1564 65 6810
1565 66 6953
1566 67 7096
1567 68 7239
1568 69 7382
1569 70 7525
1570 71 7668
1571 72 7811
1572 73 7954
1573 74 8097
1574 75 8240
1575 74 8383
1576 73 8546
1577 72 8727
1578 71 8862
1579 70 8973
1580 69 8988
1581 68 9099
1582 67 9188
1583 66 9373
1584 65 9616
1585 64 9839
1586 63 10080
1587 62 10305
1588 61 10534
1589 60 10749
1590 59 10852
1591 58 10829
1592 57 10694
1593 56 10513
1594 55 10350
1595 54 10207
1596 53 10064
1597 52 9921
1598 51 9778
1599 50 9635
1600 49 9492
1601 48 9349
1602 47 9206
1603 46 9063
1604 45 8920
1605 44 8777
1606 43 8634
1607 42 8491
1608 41 8348
1609 40 8205
1610 39 8062
1611 38 7919
1612 37 7776
1613 36 7633
1614 35 7490
1615 34 7347
1616 33 7204
1617 32 7061
1618 31 6918
1619 30 6775
1620 29 6632
1621 28 6489
1622 27 6346
1623 26 6203
1624 25 6060
1625 24 5917
1626 23 5774
1627 22 5631
1628 21 5488
1629 20 5345
1630 19 5202
1631 18 5059
1632 17 4916
1633 16 4773
1634 15 4630
1635 14 4487
1636 13 4344
1637 12 4201
1638 11 4058
1639 10 3915
1640 9 3772
1641 8 3629
1642 7 3486
1643 6 3343
1644 5 3200
1645 4 3057
1646 3 2914
1647 2 2771
1648 1 2628
1649 0 2485
1650 -1 2342
1651 -2 2199
1652 -3 2056
1653 -4 1913
1654 -5 1770
1655 -6 1627
1656 -7 1484
1657 -8 1341
1658 -9 1198
1659 -10 1055
1660 -11 912
1661 -12 769
1662 -13 626
1663 -14 483
1664 -15 340
1665 -16 197
1666 -17 54
1667 -18 -89
1668 -19 -232
1669 -20 -375
1670 -21 -518
1671 -22 -661
1672 -23 -804
1673 -24 -947
1674 -25 -1090
1675 -26 -1233
1676 -27 -1376
1677 -28 -1519
1678 -29 -1662
1679 -30 -1805
1680 -31 -1948
1681 -32 -2091
1682 -33 -2234
1683 -34 -2377
1684 -35 -2520
1685 -36 -2663
1686 -37 -2806
1687 -38 -2949
1688 -39 -3092
1689 -40 -3235
1690 -41 -3378
1691 -42 -3521
1692 -43 -3664
1693 -44 -3807
1694 -45 -3950
1695 -46 -4093
1696 -47 -4236
1697 -48 -4379
1698 -49 -4522
1699 -50 -4665
1700 -51 -4808
1701 -52 -4951
1702 -53 -5094
1703 -54 -5237
1704 -55 -5380
1705 -56 -5523
1706 -57 -5666
1707 -58 -5809
1708 -59 -5952
1709 -60 -6095
1710 -61 -6238
1711 -62 -6381
1712 -63 -6524
1713 -64 -6667
1714 -65 -6810
1715 -66 -6953
1716 -67 -7096
1717 -68 -7239
1718 -69 -7382
1719 -70 -7525
1720 -71 -7668
1721 -72 -7811
1722 -73 -7954
1723 -74 -8097
1724 -75 -8240
1725 -74 -8383
1726 -73 -8546
1727 -72 -8727
1728 -71 -8862
1729 -70 -8973
1730 -69 -8988
1731 -68 -9099
1732 -67 -9188
1733 -66 -9373
1734 -65 -9616
1735 -64 -9839
1736 -63 -10080
1737 -62 -10305
1738 -61 -10534
1739 -60 -10749
1740 -59 -10852
1741 -58 -10829
1742 -57 -10694
1743 -56 -10513
1744 -55 -10350
1745 -54 -10207
1746 -53 -10064
1747 -52 -9921
1748 -51 -9778
1749 -50 -9635
1750 -49 -9492
1751 -48 -9349
1752 -47 -9206
1753 -46 -9063
1754 -45 -8920
1755 -44 -8777
1756 -43 -8634
1757 -42 -8491
1758 -41 -8348
1759 -40 -8205
1760 -39 -8062
1761 -38 -7919
1762 -37 -7776
1763 -36 -7633
1764 -35 -7490
1765 -34 -7347
1766 -33 -7204
1767 -32 -7061
1768 -31 -6918
1769 -30 -6775
1770 -29 -6632
1771 -28 -6489
1772 -27 -6346
1773 -26 -6203
1774 -25 -6060
1775 -24 -5917
1776 -23 -5774
1777 -22 -5631
1778 -21 -5488
1779 -20 -5345
1780 -19 -5202
1781 -18 -5059
1782 -17 -4916
1783 -16 -4773
1784 -15 -4630
1785 -14 -4487
1786 -13 -4344
1787 -12 -4201
1788 -11 -4058
1789 -10 -3915
1790 -9 -3772
1791 -8 -3629
1792 -7 -3486
1793 -6 -3343
1794 -5 -3200
1795 -4 -3057
1796 -3 -2914
1797 -2 -2771
1798 -1 -2628
1799 0 -2485
1800 1 -2342
1801 2 -2199
1802 3 -2056
1803 4 -1913
1804 5 -1770
1805 6 -1627
1806 7 -1484
1807 8 -1341
1808 9 -1198
1809 10 -1055
1810 11 -912
1811 12 -769
1812 13 -626
1813 14 -483
1814 15 -340
1815 16 -197
1816 17 -54
1817 18 89
1818 19 232
1819 20 375
1820 21 518
1821 22 661
1822 23 804
1823 24 947
1824 25 1090
1825 26 1233
1826 27 1376
1827 28 1519
1828 29 1662
1829 30 1805
1830 31 1948
1831 32 2091
1832 33 2234
1833 34 2377
1834 35 2520
1835 36 2663
1836 37 2806
1837 38 2949
1838 39 3092
1839 40 3235
1840 41 3378
1841 42 3521
1842 43 3664
1843 44 3807
1844 45 3950
1845 46 4093
1846 47 4236
1847 48 4379
1848 49 4522
1849 50 4665
1850 51 4808
1851 52 4951
1852 53 5094
1853 54 5237
1854 55 5380
1855 56 5523
1856 57 5666
1857 58 5809
1858 59 5952
1859 60 6095
1860 61 6238
1861 62 6381
1862 63 6524
1863 64 6667
1864 65 6810
1865 66 6953
1866 67 7096
1867 68 7239
1868 69 7382
1869 70 7525
1870 71 7668
1871 72 7811
1872 73 7954
1873 74 8097
1874 75 8240
1875 74 8383
1876 73 8546
1877 72 8727
1878 71 8862
1879 70 8973
1880 69 8988
1881 68 9099
1882 67 9188
1883 66 9373
1884 65 9616
1885 64 9839
1886 63 10080
1887 62 10305
1888 61 10534
1889 60 10749
1890 59 10852
1891 58 10829
1892 57 10694
1893 56 10513
1894 55 10350
1895 54 10207
1896 53 10064
1897 52 9921
1898 51 9778
1899 50 9635
1900 49 9492
1901 48 9349
1902 47 9206
1903 46 9063
1904 45 8920
1905 44 8777
1906 43 8634
1907 42 8491
1908 41 8348
1909 40 8205
1910 39 8062
1911 38 7919
1912 37 7776
1913 36 7633
1914 35 7490
1915 34 7347
1916 33 7204
1917 32 7061
1918 31 6918
1919 30 6775
1920 29 6632
1921 28 6489
1922 27 6346
1923 26 6203
1924 25 6060
1925 24 5917
1926 23 5774
1927 22 5631
1928 21 5488
1929 20 5345
1930 19 5202
1931 18 5059
1932 17 4916
1933 16 4773
1934 15 4630
1935 14 4487
1936 13 4344
1937 12 4201
1938 11 4058
1939 10 3915
1940 9 3772
1941 8 3629
1942 7 3486
1943 6 3343
1944 5 3200
1945 4 3057
1946 3 2914
1947 2 2771
1948 1 2628
1949 0 2485
1950 -1 2342
1951 -2 2199
1952 -3 2056
1953 -4 1913
1954 -5 1770
1955 -6 1627
1956 -7 1484
1957 -8 1341
1958 -9 1198
1959 -10 1055
1960 -11 912
1961 -12 769
1962 -13 626
1963 -14 483
1964 -15 340
1965 -16 197
1966 -17 54
1967 -18 -89
1968 -19 -232
1969 -20 -375
1970 -21 -518
1971 -22 -661
1972 -23 -804
1973 -24 -947
1974 -25 -1090
1975 -26 -1233
1976 -27 -1376
1977 -28 -1519
1978 -29 -1662
1979 -30 -1805
1980 -31 -1948
1981 -32 -2091
1982 -33 -2234
1983 -34 -2377
1984 -35 -2520
1985 -36 -2663
1986 -37 -2806
1987 -38 -2949
1988 -39 -3092
1989 -40 -3235
1990 -41 -3378
1991 -42 -3521
1992 -43 -3664
1993 -44 -3807
1994 -45 -3950
1995 -46 -4093
1996 -47 -4236
1997 -48 -4379
1998 -49 -4522
1999 -50 -4665
2000 -51 -4808
2001 -52 -4951
2002 -53 -5094
2003 -54 -5237
2004 -55 -5380
2005 -56 -5523
2006 -57 -5666
2007 -58 -5809
2008 -59 -5952
2009 -60 -6095
2010 -61 -6238
2011 -62 -6381
2012 -63 -6524
2013 -64 -6667
2014 -65 -6810
2015 -66 -6953
2016 -67 -7096
2017 -68 -7239
2018 -69 -7382
2019 -70 -7525
2020 -71 -7668
2021 -72 -7811
2022 -73 -7954
2023 -74 -8097
2024 -75 -8240
2025 -74 -8383
2026 -73 -8546
2027 -72 -8727
2028 -71 -8862
2029 -70 -8973
2030 -69 -8988
2031 -68 -9099
2032 -67 -9188
2033 -66 -9373
2034 -65 -9616
2035 -64 -9839
2036 -63 -10080
2037 -62 -10305
2038 -61 -10534
2039 -60 -10749
2040 -59 -10852
2041 -58 -10829
2042 -57 -10694
2043 -56 -10513
2044 -55 -10350
2045 -54 -10207
2046 -53 -10064
2047 -52 -9921
2048 -51 -9778
2049 -50 -9635
2050 -49 -9492
2051 -48 -9349
2052 -47 -9206
2053 -46 -9063
2054 -45 -8920
2055 -44 -8777
2056 -43 -8634
2057 -42 -8491
2058 -41 -8348
2059 -40 -8205
2060 -39 -8062
2061 -38 -7919
2062 -37 -7776
2063 -36 -7633
2064 -35 -7490
2065 -34 -7347
2066 -33 -7204
2067 -32 -7061
2068 -31 -6918
2069 -30 -6775
2070 -29 -6632
2071 -28 -6489
2072 -27 -6346
2073 -26 -6203
2074 -25 -6060
2075 -24 -5917
2076 -23 -5774
2077 -22 -5631
2078 -21 -5488
2079 -20 -5345
2080 -19 -5202
2081 -18 -5059
2082 -17 -4916
2083 -16 -4773
2084 -15 -4630
2085 -14 -4487
2086 -13 -4344
2087 -12 -4201
2088 -11 -4058
2089 -10 -3915
2090 -9 -3772
2091 -8 -3629
2092 -7 -3486
2093 -6 -3343
2094 -5 -3200
2095 -4 -3057
2096 -3 -2914
2097 -2 -2771
2098 -1 -2628
2099 0 -2485
2100 1 -2342
2101 2 -2199
2102 3 -2056
2103 4 -1913
2104 5 -1770
2105 6 -1627
2106 7 -1484
2107 8 -1341
2108 9 -1198
2109 10 -1055
2110 11 -912
2111 12 -769
2112 13 -626
2113 14 -483
2114 15 -340
2115 16 -197
2116 17 -54
2117 18 89
2118 19 232
2119 20 375
2120 21 518
2121 22 661
2122 23 804
2123 24 947
2124 25 1090
2125 26 1233
2126 27 1376
2127 28 1519
2128 29 1662
2129 30 1805
2130 31 1948
2131 32 2091
2132 33 2234
2133 34 2377
2134 35 2520
2135 36 2663
2136 37 2806
2137 38 2949
2138 39 3092
2139 40 3235
2140 41 3378
2141 42 3521
2142 43 3664
2143 44 3807
2144 45 3950
2145 46 4093
2146 47 4236
2147 48 4379
2148 49 4522
2149 50 4665
2150 51 4808
2151 52 4951
2152 53 5094
2153 54 5237
2154 55 5380
2155 56 5523
2156 57 5666
2157 58 5809
2158 59 5952
2159 60 6095
2160 61 6238
2161 62 6381
2162 63 6524
2163 64 6667
2164 65 6810
2165 66 6953
2166 67 7096
2167 68 7239
2168 69 7382
2169 70 7525
2170 71 7668
2171 72 7811
2172 73 7954
2173 74 8097
2174 75 8240
2175 74 8383
2176 73 8546
2177 72 8727
2178 71 8862
2179 70 8973
2180 69 8988
2181 68 9099
2182 67 9188
2183 66 9373
2184 65 9616
2185 64 9839
2186 63 10080
2187 62 10305
2188 61 10534
2189 60 10749
2190 59 10852
2191 58 10829
2192 57 10694
2193 56 10513
2194 55 10350
2195 54 10207
2196 53 10064
2197 52 9921
2198 51 9778
2199 50 9635
2200 49 9492
2201 48 9349
2202 47 9206
2203 46 9063
2204 45 8920
2205 44 8777
2206 43 8634
2207 42 8491
2208 41 8348
2209 40 8205
2210 39 8062
2211 38 7919
2212 37 7776
2213 36 7633
2214 35 7490
2215 34 7347
2216 33 7204
2217 32 7061
2218 31 6918
2219 30 6775
2220 29 6632
2221 28 6489
2222 27 6346
2223 26 6203
2224 25 6060
2225 24 5917
2226 23 5774
2227 22 5631
2228 21 5488
2229 20 5345
2230 19 5202
2231 18 5059
2232 17 4916
2233 16 4773
2234 15 4630
2235 14 4487
2236 13 4344
2237 12 4201
2238 11 4058
2239 10 3915
2240 9 3772
2241 8 3629
2242 7 3486
2243 6 3343
2244 5 3200
2245 4 3057
2246 3 2914
2247 2 2771
2248 1 2628
2249 0 2485
2250 -1 2342
2251 -2 2199
2252 -3 2056
2253 -4 1913
2254 -5 1770
2255 -6 1627
2256 -7 1484
2257 -8 1341
2258 -9 1198
2259 -10 1055
2260 -11 912
2261 -12 769
2262 -13 626
2263 -14 483
2264 -15 340
2265 -16 197
2266 -17 54
2267 -18 -89
2268 -19 -232
2269 -20 -375
2270 -21 -518
2271 -22 -661
2272 -23 -804
2273 -24 -947
2274 -25 -1090
2275 -26 -1233
2276 -27 -1376
2277 -28 -1519
2278 -29 -1662
2279 -30 -1805
2280 -31 -1948
2281 -32 -2091
2282 -33 -2234
2283 -34 -2377
2284 -35 -2520
2285 -36 -2663
2286 -37 -2806
2287 -38 -2949
2288 -39 -3092
2289 -40 -3235
2290 -41 -3378
2291 -42 -3521
2292 -43 -3664
2293 -44 -3807
2294 -45 -3950
2295 -46 -4093
2296 -47 -4236
2297 -48 -4379
2298 -49 -4522
2299 -50 -4665
2300 -51 -4808
2301 -52 -4951
2302 -53 -5094
2303 -54 -5237
2304 -55 -5380
2305 -56 -5523
2306 -57 -5666
2307 -58 -5809
2308 -59 -5952
2309 -60 -6095
2310 -61 -6238
2311 -62 -6381
2312 -63 -6524
2313 -64 -6667
2314 -65 -6810
2315 -66 -6953
2316 -67 -7096
2317 -68 -7239
2318 -69 -7382
2319 -70 -7525
2320 -71 -7668
2321 -72 -7811
2322 -73 -7954
2323 -74 -8097
2324 -75 -8240
2325 -74 -8383
2326 -73 -8546
2327 -72 -8727
2328 -71 -8862
2329 -70 -8973
2330 -69 -8988
2331 -68 -9099
2332 -67 -9188
2333 -66 -9373
2334 -65 -9616
2335 -64 -9839
2336 -63 -10080
2337 -62 -10305
2338 -61 -10534
2339 -60 -10749
2340 -59 -10852
2341 -58 -10829
2342 -57 -10694
2343 -56 -10513
2344 -55 -10350
2345 -54 -10207
2346 -53 -10064
2347 -52 -9921
2348 -51 -9778
2349 -50 -9635
2350 -49 -9492
2351 -48 -9349
2352 -47 -9206
2353 -46 -9063
2354 -45 -8920
2355 -44 -8777
2356 -43 -8634
2357 -42 -8491
2358 -41 -8348
2359 -40 -8205
2360 -39 -8062
2361 -38 -7919
2362 -37 -7776
2363 -36 -7633
2364 -35 -7490
2365 -34 -7347
2366 -33 -7204
2367 -32 -7061
2368 -31 -6918
2369 -30 -6775
2370 -29 -6632
2371 -28 -6489
2372 -27 -6346
2373 -26 -6203
2374 -25 -6060
2375 -24 -5917
2376 -23 -5774
2377 -22 -5631
2378 -21 -5488
2379 -20 -5345
2380 -19 -5202
2381 -18 -5059
2382 -17 -4916
2383 -16 -4773
2384 -15 -4630
2385 -14 -4487
2386 -13 -4344
2387 -12 -4201
2388 -11 -4058
2389 -10 -3915
2390 -9 -3772
2391 -8 -3629
2392 -7 -3486
2393 -6 -3343
2394 -5 -3200
2395 -4 -3057
2396 -3 -2914
2397 -2 -2771
2398 -1 -2628
2399 0 -2485
2400 1 -2342
2401 2 -2199
2402 3 -2056
2403 4 -1913
2404 5 -1770
2405 6 -1627
2406 7 -1484
2407 8 -1341
2408 9 -1198
2409 10 -1055
2410 11 -912
2411 12 -769
2412 13 -626
2413 14 -483
2414 15 -340
2415 16 -197
2416 17 -54
2417 18 89
2418 19 232
2419 20 375
2420 21 518
2421 22 661
2422 23 804
2423 24 947
2424 25 1090
2425 26 1233
2426 27 1376
2427 28 1519
2428 29 1662
2429 30 1805
2430 31 1948
2431 32 2091
2432 33 2234
2433 34 2377
2434 35 2520
2435 36 2663
2436 37 2806
2437 38 2949
2438 39 3092
2439 40 3235
2440 41 3378
2441 42 3521
2442 43 3664
2443 44 3807
2444 45 3950
2445 46 4093
2446 47 4236
2447 48 4379
2448 49 4522
2449 50 4665
2450 51 4808
2451 52 4951
2452 53 5094
2453 54 5237
2454 55 5380
2455 56 5523
2456 57 5666
2457 58 5809
2458 59 5952
2459 60 6095
2460 61 6238
2461 62 6381
2462 63 6524
2463 64 6667
2464 65 6810
2465 66 6953
2466 67 7096
2467 68 7239
2468 69 7382
2469 70 7525
2470 71 7668
2471 72 7811
2472 73 7954
2473 74 8097
2474 75 8240
2475 74 8383
2476 73 8546
2477 72 8727
2478 71 8862
2479 70 8973
2480 69 8988
2481 68 9099
2482 67 9188
2483 66 9373
2484 65 9616
2485 64 9839
2486 63 10080
2487 62 10305
2488 61 10534
2489 60 10749
2490 59 10852
2491 58 10829
2492 57 10694
2493 56 10513
2494 55 10350
2495 54 10207
2496 53 10064
2497 52 9921
2498 51 9778
2499 50 9635
2500 49 9492
2501 48 9349
2502 47 9206
2503 46 9063
2504 45 8920
2505 44 8777
2506 43 8634
2507 42 8491
2508 41 8348
2509 40 8205
2510 39 8062
2511 38 7919
2512 37 7776
2513 36 7633
2514 35 7490
2515 34 7347
2516 33 7204
2517 32 7061
2518 31 6918
2519 30 6775
2520 29 6632
2521 28 6489
2522 27 6346
2523 26 6203
2524 25 6060
2525 24 5917
2526 23 5774
2527 22 5631
2528 21 5488
2529 20 5345
2530 19 5202
2531 18 5059
2532 17 4916
2533 16 4773
2534 15 4630
2535 14 4487
2536 13 4344
2537 12 4201
2538 11 4058
2539 10 3915
2540 9 3772
2541 8 3629
2542 7 3486
2543 6 3343
2544 5 3200
2545 4 3057
2546 3 2914
2547 2 2771
2548 1 2628
2549 0 2485
2550 -1 2342
2551 -2 2199
2552 -3 2056
2553 -4 1913
2554 -5 1770
2555 -6 1627
2556 -7 1484
2557 -8 1341
2558 -9 1198
2559 -10 1055
2560 -11 912
2561 -12 769
2562 -13 626
2563 -14 483
2564 -15 340
2565 -16 197
2566 -17 54
2567 -18 -89
2568 -19 -232
2569 -20 -375
2570 -21 -518
2571 -22 -661
2572 -23 -804
2573 -24 -947
2574 -25 -1090
2575 -26 -1233
2576 -27 -1376
2577 -28 -1519
2578 -29 -1662
2579 -30 -1805
2580 -31 -1948
2581 -32 -2091
2582 -33 -2234
2583 -34 -2377
2584 -35 -2520
2585 -36 -2663
2586 -37 -2806
2587 -38 -2949
2588 -39 -3092
2589 -40 -3235
2590 -41 -3378
2591 -42 -3521
2592 -43 -3664
2593 -44 -3807
2594 -45 -3950
2595 -46 -4093
2596 -47 -4236
2597 -48 -4379
2598 -49 -4522
2599 -50 -4665
2600 -51 -4808
2601 -52 -4951
2602 -53 -5094
2603 -54 -5237
2604 -55 -5380
2605 -56 -5523
2606 -57 -5666
2607 -58 -5809
2608 -59 -5952
2609 -60 -6095
2610 -61 -6238
2611 -62 -6381
2612 -63 -6524
2613 -64 -6667
2614 -65 -6810
2615 -66 -6953
2616 -67 -7096
2617 -68 -7239
2618 -69 -7382
2619 -70 -7525
2620 -71 -7668
2621 -72 -7811
2622 -73 -7954
2623 -74 -8097
2624 -75 -8240
2625 -74 -8383
2626 -73 -8546
2627 -72 -8727
2628 -71 -8862
2629 -70 -8973
2630 -69 -8988
2631 -68 -9099
2632 -67 -9188
2633 -66 -9373
2634 -65 -9616
2635 -64 -9839
2636 -63 -10080
2637 -62 -10305
2638 -61 -10534
2639 -60 -10749
2640 -59 -10852
2641 -58 -10829
2642 -57 -10694
2643 -56 -10513
2644 -55 -10350
2645 -54 -10207
2646 -53 -10064
2647 -52 -9921
2648 -51 -9778
2649 -50 -9635
2650 -49 -9492
2651 -48 -9349
2652 -47 -9206
2653 -46 -9063
2654 -45 -8920
2655 -44 -8777
2656 -43 -8634
2657 -42 -8491
2658 -41 -8348
2659 -40 -8205
2660 -39 -8062
2661 -38 -7919
2662 -37 -7776
2663 -36 -7633
2664 -35 -7490
2665 -34 -7347
2666 -33 -7204
2667 -32 -7061
2668 -31 -6918
2669 -30 -6775
2670 -29 -6632
2671 -28 -6489
2672 -27 -6346
2673 -26 -6203
2674 -25 -6060
2675 -24 -5917
2676 -23 -5774
2677 -22 -5631
2678 -21 -5488
2679 -20 -5345
2680 -19 -5202
2681 -18 -5059
2682 -17 -4916
2683 -16 -4773
2684 -15 -4630
2685 -14 -4487
2686 -13 -4344
2687 -12 -4201
2688 -11 -4058
2689 -10 -3915
2690 -9 -3772
2691 -8 -3629
2692 -7 -3486
2693 -6 -3343
2694 -5 -3200
2695 -4 -3057
2696 -3 -2914
2697 -2 -2771
2698 -1 -2628
2699 0 -2485
2700 1 -2342
2701 2 -2199
2702 3 -2056
2703 4 -1913
2704 5 -1770
2705 6 -1627
2706 7 -1484
2707 8 -1341
2708 9 -1198
2709 10 -1055
2710 11 -912
2711 12 -769
2712 13 -626
2713 14 -483
2714 15 -340
2715 16 -197
2716 17 -54
2717 18 89
2718 19 232
2719 20 375
2720 21 518
2721 22 661
2722 23 804
2723 24 947
2724 25 1090
2725 26 1233
2726 27 1376
2727 28 1519
2728 29 1662
2729 30 1805
2730 31 1948
2731 32 2091
2732 33 2234
2733 34 2377
2734 35 2520
2735 36 2663
2736 37 2806
2737 38 2949
2738 39 3092
2739 40 3235
2740 41 3378
2741 42 3521
2742 43 3664
2743 44 3807
2744 45 3950
2745 46 4093
2746 47 4236
2747 48 4379
2748 49 4522
2749 50 4665
2750 51 4808
2751 52 4951
2752 53 5094
2753 54 5237
2754 55 5380
2755 56 5523
2756 57 5666
2757 58 5809
2758 59 5952
2759 60 6095
2760 61 6238
2761 62 6381
2762 63 6524
2763 64 6667
2764 65 6810
2765 66 6953
2766 67 7096
2767 68 7239
2768 69 7382
2769 70 7525
2770 71 7668
2771 72 7811
2772 73 7954
2773 74 8097
2774 75 8240
2775 74 8383
2776 73 8546
2777 72 8727
2778 71 8862
2779 70 8973
2780 69 8988
2781 68 9099
2782 67 9188
2783 66 9373
2784 65 9616
2785 64 9839
2786 63 10080
2787 62 10305
2788 61 10534
2789 60 10749
2790 59 10852
2791 58 10829
2792 57 10694
2793 56 10513
2794 55 10350
2795 54 10207
2796 53 10064
2797 52 9921
2798 51 9778
2799 50 9635
2800 49 9492
2801 48 9349
2802 47 9206
2803 46 9063
2804 45 8920
2805 44 8777
2806 43 8634
2807 42 8491
2808 41 8348
2809 40 8205
2810 39 8062
2811 38 7919
2812 37 7776
2813 36 7633
2814 35 7490
2815 34 7347
2816 33 7204
2817 32 7061
2818 31 6918
2819 30 6775
2820 29 6632
2821 28 6489
2822 27 6346
2823 26 6203
2824 25 6060
2825 24 5917
2826 23 5774
2827 22 5631
2828 21 5488
2829 20 5345
2830 19 5202
2831 18 5059
2832 17 4916
2833 16 4773
2834 15 4630
2835 14 4487
2836 13 4344
2837 12 4201
2838 11 4058
2839 10 3915
2840 9 3772
2841 8 3629
2842 7 3486
2843 6 3343
2844 5 3200
2845 4 3057
2846 3 2914
2847 2 2771
2848 1 2628
2849 0 2485
2850 -1 2342
2851 -2 2199
2852 -3 2056
2853 -4 1913
2854 -5 1770
2855 -6 1627
2856 -7 1484
2857 -8 1341
2858 -9 1198
2859 -10 1055
2860 -11 912
2861 -12 769
2862 -13 626
2863 -14 483
2864 -15 340
2865 -16 197
2866 -17 54
2867 -18 -89
2868 -19 -232
2869 -20 -375
2870 -21 -518
2871 -22 -661
2872 -23 -804
2873 -24 -947
2874 -25 -1090
2875 -26 -1233
2876 -27 -1376
2877 -28 -1519
2878 -29 -1662
2879 -30 -1805
2880 -31 -1948
2881 -32 -2091
2882 -33 -2234
2883 -34 -2377
2884 -35 -2520
2885 -36 -2663
2886 -37 -2806
2887 -38 -2949
2888 -39 -3092
2889 -40 -3235
2890 -41 -3378
2891 -42 -3521
2892 -43 -3664
2893 -44 -3807
2894 -45 -3950
2895 -46 -4093
2896 -47 -4236
2897 -48 -4379
2898 -49 -4522
2899 -50 -4665
2900 -51 -4808
2901 -52 -4951
2902 -53 -5094
2903 -54 -5237
2904 -55 -5380
2905 -56 -5523
2906 -57 -5666
2907 -58 -5809
2908 -59 -5952
2909 -60 -6095
2910 -61 -6238
2911 -62 -6381
2912 -63 -6524
2913 -64 -6667
2914 -65 -6810
2915 -66 -6953
2916 -67 -7096
2917 -68 -7239
2918 -69 -7382
2919 -70 -7525
2920 -71 -7668
2921 -72 -7811
2922 -73 -7954
2923 -74 -8097
2924 -75 -8240
2925 -74 -8383
2926 -73 -8546
2927 -72 -8727
2928 -71 -8862
2929 -70 -8973
2930 -69 -8988
2931 -68 -9099
2932 -67 -9188
2933 -66 -9373
2934 -65 -9616
2935 -64 -9839
2936 -63 -10080
2937 -62 -10305
2938 -61 -10534
2939 -60 -10749
2940 -59 -10852
2941 -58 -10829
2942 -57 -10694
2943 -56 -10513
2944 -55 -10350
2945 -54 -10207
2946 -53 -10064
2947 -52 -9921
2948 -51 -9778
2949 -50 -9635
2950 -49 -9492
2951 -48 -9349
2952 -47 -9206
2953 -46 -9063
2954 -45 -8920
2955 -44 -8777
2956 -43 -8634
2957 -42 -8491
2958 -41 -8348
2959 -40 -8205
2960 -39 -8062
2961 -38 -7919
2962 -37 -7776
2963 -36 -7633
2964 -35 -7490
2965 -34 -7347
2966 -33 -7204
2967 -32 -7061
2968 -31 -6918
2969 -30 -6775
2970 -29 -6632
2971 -28 -6489
2972 -27 -6346
2973 -26 -6203
2974 -25 -6060
2975 -24 -5917
2976 -23 -5774
2977 -22 -5631
2978 -21 -5488
2979 -20 -5345
2980 -19 -5202
2981 -18 -5059
2982 -17 -4916
2983 -16 -4773
2984 -15 -4630
2985 -14 -4487
2986 -13 -4344
2987 -12 -4201
2988 -11 -4058
2989 -10 -3915
2990 -9 -3772
2991 -8 -3629
2992 -7 -3486
2993 -6 -3343
2994 -5 -3200
2995 -4 -3057
2996 -3 -2914
2997 -2 -2771
2998 -1 -2628
2999 0 -2485
3000 1 -2342
3001 2 -2199
3002 3 -2056
3003 4 -1913
3004 5 -1770
3005 6 -1627
3006 7 -1484
3007 8 -1341
3008 9 -1198
3009 10 -1055
3010 11 -912
3011 12 -769
3012 13 -626
3013 14 -483
3014 15 -340
3015 16 -197
3016 17 -54
3017 18 89
3018 19 232
3019 20 375
3020 21 518
3021 22 661
3022 23 804
3023 24 947
3024 25 1090
3025 26 1233
3026 27 1376
3027 28 1519
3028 29 1662
3029 30 1805
3030 31 1948
3031 32 2091
3032 33 2234
3033 34 2377
3034 35 2520
3035 36 2663
3036 37 2806
3037 38 2949
3038 39 3092
3039 40 3235
3040 41 3378
3041 42 3521
3042 43 3664
3043 44 3807
3044 45 3950
3045 46 4093
3046 47 4236
3047 48 4379
3048 49 4522
3049 50 4665
3050 51 4808
3051 52 4951
3052 53 5094
3053 54 5237
3054 55 5380
3055 56 5523
3056 57 5666
3057 58 5809
3058 59 5952
3059 60 6095
3060 61 6238
3061 62 6381
3062 63 6524
3063 64 6667
3064 65 6810
3065 66 6953
3066 67 7096
3067 68 7239
3068 69 7382
3069 70 7525
3070 71 7668
3071 72 7811
3072 73 7954
3073 74 8097
3074 75 8240
3075 74 8383
3076 73 8546
3077 72 8727
3078 71 8862
3079 70 8973
3080 69 8988
3081 68 9099
3082 67 9188
3083 66 9373
3084 65 9616
3085 64 9839
3086 63 10080
3087 62 10305
3088 61 10534
3089 60 10749
3090 59 10852
3091 58 10829
3092 57 10694
3093 56 10513
3094 55 10350
3095 54 10207
3096 53 10064
3097 52 9921
3098 51 9778
3099 50 9635
3100 49 9492
3101 48 9349
3102 47 9206
3103 46 9063
3104 45 8920
3105 44 8777
3106 43 8634
3107 42 8491
3108 41 8348
3109 40 8205
3110 39 8062
3111 38 7919
3112 37 7776
3113 36 7633
3114 35 7490
3115 34 7347
3116 33 7204
3117 32 7061
3118 31 6918
3119 30 6775
3120 29 6632
3121 28 6489
3122 27 6346
3123 26 6203
3124 25 6060
3125 24 5917
3126 23 5774
3127 22 5631
3128 21 5488
3129 20 5345
3130 19 5202
3131 18 5059
3132 17 4916
3133 16 4773
3134 15 4630
3135 14 4487
3136 13 4344
3137 12 4201
3138 11 4058
3139 10 3915
3140 9 3772
3141 8 3629
3142 7 3486
3143 6 3343
3144 5 3200
3145 4 3057
3146 3 2914
3147 2 2771
3148 1 2628
3149 0 2485
3150 -1 2342
3151 -2 2199
3152 -3 2056
3153 -4 1913
3154 -5 1770
3155 -6 1627
3156 -7 1484
3157 -8 1341
3158 -9 1198
3159 -10 1055
3160 -11 912
3161 -12 769
3162 -13 626
3163 -14 483
3164 -15 340
3165 -16 197
3166 -17 54
3167 -18 -89
3168 -19 -232
3169 -20 -375
3170 -21 -518
3171 -22 -661
3172 -23 -804
3173 -24 -947
3174 -25 -1090
3175 -26 -1233
3176 -27 -1376
3177 -28 -1519
3178 -29 -1662
3179 -30 -1805
3180 -31 -1948
3181 -32 -2091
3182 -33 -2234
3183 -34 -2377
3184 -35 -2520
3185 -36 -2663
3186 -37 -2806
3187 -38 -2949
3188 -39 -3092
3189 -40 -3235
3190 -41 -3378
3191 -42 -3521
3192 -43 -3664
3193 -44 -3807
3194 -45 -3950
3195 -46 -4093
3196 -47 -4236
3197 -48 -4379
3198 -49 -4522
3199 -50 -4665
3200 -51 -4808
3201 -52 -4951
3202 -53 -5094
3203 -54 -5237
3204 -55 -5380
3205 -56 -5523
3206 -57 -5666
3207 -58 -5809
3208 -59 -5952
3209 -60 -6095
3210 -61 -6238
3211 -62 -6381
3212 -63 -6524
3213 -64 -6667
3214 -65 -6810
3215 -66 -6953
3216 -67 -7096
3217 -68 -7239
3218 -69 -7382
3219 -70 -7525
3220 -71 -7668
3221 -72 -7811
3222 -73 -7954
3223 -74 -8097
3224 -75 -8240
3225 -74 -8383
3226 -73 -8546
3227 -72 -8727
3228 -71 -8862
3229 -70 -8973
3230 -69 -8988
3231 -68 -9099
3232 -67 -9188
3233 -66 -9373
3234 -65 -9616
3235 -64 -9839
3236 -63 -10080
3237 -62 -10305
3238 -61 -10534
3239 -60 -10749
3240 -59 -10852
3241 -58 -10829
3242 -57 -10694
3243 -56 -10513
3244 -55 -10350
3245 -54 -10207
3246 -53 -10064
3247 -52 -9921
3248 -51 -9778
3249 -50 -9635
3250 -49 -9492
3251 -48 -9349
3252 -47 -9206
3253 -46 -9063
3254 -45 -8920
3255 -44 -8777
3256 -43 -8634
3257 -42 -8491
3258 -41 -8348
3259 -40 -8205
3260 -39 -8062
3261 -38 -7919
3262 -37 -7776
3263 -36 -7633
3264 -35 -7490
3265 -34 -7347
3266 -33 -7204
3267 -32 -7061
3268 -31 -6918
3269 -30 -6775
3270 -29 -6632
3271 -28 -6489
3272 -27 -6346
3273 -26 -6203
3274 -25 -6060
3275 -24 -5917
3276 -23 -5774
3277 -22 -5631
3278 -21 -5488
3279 -20 -5345
3280 -19 -5202
3281 -18 -5059
3282 -17 -4916
3283 -16 -4773
3284 -15 -4630
3285 -14 -4487
3286 -13 -4344
3287 -12 -4201
3288 -11 -4058
3289 -10 -3915
3290 -9 -3772
3291 -8 -3629
3292 -7 -3486
3293 -6 -3343
3294 -5 -3200
3295 -4 -3057
3296 -3 -2914
3297 -2 -2771
3298 -1 -2628
3299 0 -2485
3300 1 -2342
3301 2 -2199
3302 3 -2056
3303 4 -1913
3304 5 -1770
3305 6 -1627
3306 7 -1484
3307 8 -1341
3308 9 -1198
3309 10 -1055
3310 11 -912
3311 12 -769
3312 13 -626
3313 14 -483
3314 15 -340
3315 16 -197
3316 17 -54
3317 18 89
3318 19 232
3319 20 375
3320 21 518
3321 22 661
3322 23 804
3323 24 947
3324 25 1090
3325 26 1233
3326 27 1376
3327 28 1519
3328 29 1662
3329 30 1805
3330 31 1948
3331 32 2091
3332 33 2234
3333 34 2377
3334 35 2520
3335 36 2663
3336 37 2806
3337 38 2949
3338 39 3092
3339 40 3235
3340 41 3378
3341 42 3521
3342 43 3664
3343 44 3807
3344 45 3950
3345 46 4093
3346 47 4236
3347 48 4379
3348 49 4522
3349 50 4665
3350 51 4808
3351 52 4951
3352 53 5094
3353 54 5237
3354 55 5380
3355 56 5523
3356 57 5666
3357 58 5809
3358 59 5952
3359 60 6095
3360 61 6238
3361 62 6381
3362 63 6524
3363 64 6667
3364 65 6810
3365 66 6953
3366 67 7096
3367 68 7239
3368 69 7382
3369 70 7525
3370 71 7668
3371 72 7811
3372 73 7954
3373 74 8097
3374 75 8240
3375 74 8383
3376 73 8546
3377 72 8727
3378 71 8862
3379 70 8973
3380 69 8988
3381 68 9099
3382 67 9188
3383 66 9373
3384 65 9616
3385 64 9839
3386 63 10080
3387 62 10305
3388 61 10534
3389 60 10749
3390 59 10852
3391 58 10829
3392 57 10694
3393 56 10513
3394 55 10350
3395 54 10207
3396 53 10064
3397 52 9921
3398 51 9778
3399 50 9635
3400 49 9492
3401 48 9349
3402 47 9206
3403 46 9063
3404 45 8920
3405 44 8777
3406 43 8634
3407 42 8491
3408 41 8348
3409 40 8205
3410 39 8062
3411 38 7919
3412 37 7776
3413 36 7633
3414 35 7490
3415 34 7347
3416 33 7204
3417 32 7061
3418 31 6918
3419 30 6775
3420 29 6632
3421 28 6489
3422 27 6346
3423 26 6203
3424 25 6060
3425 24 5917
3426 23 5774
3427 22 5631
3428 21 5488
3429 20 5345
3430 19 5202
3431 18 5059
3432 17 4916
3433 16 4773
3434 15 4630
3435 14 4487
3436 13 4344
3437 12 4201
3438 11 4058
3439 10 3915
3440 9 3772
3441 8 3629
3442 7 3486
3443 6 3343
3444 5 3200
3445 4 3057
3446 3 2914
3447 2 2771
3448 1 2628
3449 0 2485
3450 -1 2342
3451 -2 2199
3452 -3 2056
3453 -4 1913
3454 -5 1770
3455 -6 1627
3456 -7 1484
3457 -8 1341
3458 -9 1198
3459 -10 1055
3460 -11 912
3461 -12 769
3462 -13 626
3463 -14 483
3464 -15 340
3465 -16 197
3466 -17 54
3467 -18 -89
3468 -19 -232
3469 -20 -375
3470 -21 -518
3471 -22 -661
3472 -23 -804
3473 -24 -947
3474 -25 -1090
3475 -26 -1233
3476 -27 -1376
3477 -28 -1519
3478 -29 -1662
3479 -30 -1805
3480 -31 -1948
3481 -32 -2091
3482 -33 -2234
3483 -34 -2377
3484 -35 -2520
3485 -36 -2663
3486 -37 -2806
3487 -38 -2949
3488 -39 -3092
3489 -40 -3235
3490 -41 -3378
3491 -42 -3521
3492 -43 -3664
3493 -44 -3807
3494 -45 -3950
3495 -46 -4093
3496 -47 -4236
3497 -48 -4379
3498 -49 -4522
3499 -50 -4665
3500 -51 -4808
3501 -52 -4951
3502 -53 -5094
3503 -54 -5237
3504 -55 -5380
3505 -56 -5523
3506 -57 -5666
3507 -58 -5809
3508 -59 -5952
3509 -60 -6095
3510 -61 -6238
3511 -62 -6381
3512 -63 -6524
3513 -64 -6667
3514 -65 -6810
3515 -66 -6953
3516 -67 -7096
3517 -68 -7239
3518 -69 -7382
3519 -70 -7525
3520 -71 -7668
3521 -72 -7811
3522 -73 -7954
3523 -74 -8097
3524 -75 -8240
3525 -74 -8383
3526 -73 -8546
3527 -72 -8727
3528 -71 -8862
3529 -70 -8973
3530 -69 -8988
3531 -68 -9099
3532 -67 -9188
3533 -66 -9373
3534 -65 -9616
3535 -64 -9839
3536 -63 -10080
3537 -62 -10305
3538 -61 -10534
3539 -60 -10749
3540 -59 -10852
3541 -58 -10829
3542 -57 -10694
3543 -56 -10513
3544 -55 -10350
3545 -54 -10207
3546 -53 -10064
3547 -52 -9921
3548 -51 -9778
3549 -50 -9635
3550 -49 -9492
3551 -48 -9349
3552 -47 -9206
3553 -46 -9063
3554 -45 -8920
3555 -44 -8777
3556 -43 -8634
3557 -42 -8491
3558 -41 -8348
3559 -40 -8205
3560 -39 -8062
3561 -38 -7919
3562 -37 -7776
3563 -36 -7633
3564 -35 -7490
3565 -34 -7347
3566 -33 -7204
3567 -32 -7061
3568 -31 -6918
3569 -30 -6775
3570 -29 -6632
3571 -28 -6489
3572 -27 -6346
3573 -26 -6203
3574 -25 -6060
3575 -24 -5917
3576 -23 -5774
3577 -22 -5631
3578 -21 -5488
3579 -20 -5345
3580 -19 -5202
3581 -18 -5059
3582 -17 -4916
3583 -16 -4773
3584 -15 -4630
3585 -14 -4487
3586 -13 -4344
3587 -12 -4201
3588 -11 -4058
3589 -10 -3915
3590 -9 -3772
3591 -8 -3629
3592 -7 -3486
3593 -6 -3343
3594 -5 -3200
3595 -4 -3057
3596 -3 -2914
3597 -2 -2771
3598 -1 -2628
3599 0 -2485
3600 1 -2342
3601 2 -2199
3602 3 -2056
3603 4 -1913
3604 5 -1770
3605 6 -1627
3606 7 -1484
3607 8 -1341
3608 9 -1198
3609 10 -1055
3610 11 -912
3611 12 -769
3612 13 -626
3613 14 -483
3614 15 -340
3615 16 -197
3616 17 -54
3617 18 89
3618 19 232
3619 20 375
3620 21 518
3621 22 661
3622 23 804
3623 24 947
3624 25 1090
3625 26 1233
3626 27 1376
3627 28 1519
3628 29 1662
3629 30 1805
3630 31 1948
3631 32 2091
3632 33 2234
3633 34 2377
3634 35 2520
3635 36 2663
3636 37 2806
3637 38 2949
3638 39 3092
3639 40 3235
3640 41 3378
3641 42 3521
3642 43 3664
3643 44 3807
3644 45 3950
3645 46 4093
3646 47 4236
3647 48 4379
3648 49 4522
3649 50 4665
3650 51 4808
3651 52 4951
3652 53 5094
3653 54 5237
3654 55 5380
3655 56 5523
3656 57 5666
3657 58 5809
3658 59 5952
3659 60 6095
3660 61 6238
3661 62 6381
3662 63 6524
3663 64 6667
3664 65 6810
3665 66 6953
3666 67 7096
3667 68 7239
3668 69 7382
3669 70 7525
3670 71 7668
3671 72 7811
3672 73 7954
3673 74 8097
3674 75 8240
3675 74 8383
3676 73 8546
3677 72 8727
3678 71 8862
3679 70 8973
3680 69 8988
3681 68 9099
3682 67 9188
3683 66 9373
3684 65 9616
3685 64 9839
3686 63 10080
3687 62 10305
3688 61 10534
3689 60 10749
3690 59 10852
3691 58 10829
3692 57 10694
3693 56 10513
3694 55 10350
3695 54 10207
3696 53 10064
3697 52 9921
3698 51 9778
3699 50 9635
3700 49 9492
3701 48 9349
3702 47 9206
3703 46 9063
3704 45 8920
3705 44 8777
3706 43 8634
3707 42 8491
3708 41 8348
3709 40 8205
3710 39 8062
3711 38 7919
3712 37 7776
3713 36 7633
3714 35 7490
3715 34 7347
3716 33 7204
3717 32 7061
3718 31 6918
3719 30 6775
3720 29 6632
3721 28 6489
3722 27 6346
3723 26 6203
3724 25 6060
3725 24 5917
3726 23 5774
3727 22 5631
3728 21 5488
3729 20 5345
3730 19 5202
3731 18 5059
3732 17 4916
3733 16 4773
3734 15 4630
3735 14 4487
3736 13 4344
3737 12 4201
3738 11 4058
3739 10 3915
3740 9 3772
3741 8 3629
3742 7 3486
3743 6 3343
3744 5 3200
3745 4 3057
3746 3 2914
3747 2 2771
3748 1 2628
3749 0 2485
3750 -1 2342
3751 -2 2199
3752 -3 2056
3753 -4 1913
3754 -5 1770
3755 -6 1627
3756 -7 1484
3757 -8 1341
3758 -9 1198
3759 -10 1055
3760 -11 912
3761 -12 769
3762 -13 626
3763 -14 483
3764 -15 340
3765 -16 197
3766 -17 54
3767 -18 -89
3768 -19 -232
3769 -20 -375
3770 -21 -518
3771 -22 -661
3772 -23 -804
3773 -24 -947
3774 -25 -1090
3775 -26 -1233
3776 -27 -1376
3777 -28 -1519
3778 -29 -1662
3779 -30 -1805
3780 -31 -1948
3781 -32 -2091
3782 -33 -2234
3783 -34 -2377
3784 -35 -2520
3785 -36 -2663
3786 -37 -2806
3787 -38 -2949
3788 -39 -3092
3789 -40 -3235
3790 -41 -3378
3791 -42 -3521
3792 -43 -3664
3793 -44 -3807
3794 -45 -3950
3795 -46 -4093
3796 -47 -4236
3797 -48 -4379
3798 -49 -4522
3799 -50 -4665
3800 -51 -4808
3801 -52 -4951
3802 -53 -5094
3803 -54 -5237
3804 -55 -5380
3805 -56 -5523
3806 -57 -5666
3807 -58 -5809
3808 -59 -5952
3809 -60 -6095
3810 -61 -6238
3811 -62 -6381
3812 -63 -6524
3813 -64 -6667
3814 -65 -6810
3815 -66 -6953
3816 -67 -7096
3817 -68 -7239
3818 -69 -7382
3819 -70 -7525
3820 -71 -7668
3821 -72 -7811
3822 -73 -7954
3823 -74 -8097
3824 -75 -8240
3825 -74 -8383
3826 -73 -8546
3827 -72 -8727
3828 -71 -8862
3829 -70 -8973
3830 -69 -8988
3831 -68 -9099
3832 -67 -9188
3833 -66 -9373
3834 -65 -9616
3835 -64 -9839
3836 -63 -10080
3837 -62 -10305
3838 -61 -10534
3839 -60 -10749
3840 -59 -10852
3841 -58 -10829
3842 -57 -10694
3843 -56 -10513
3844 -55 -10350
3845 -54 -10207
3846 -53 -10064
3847 -52 -9921
3848 -51 -9778
3849 -50 -9635
3850 -49 -9492
3851 -48 -9349
3852 -47 -9206
3853 -46 -9063
3854 -45 -8920
3855 -44 -8777
3856 -43 -8634
3857 -42 -8491
3858 -41 -8348
3859 -40 -8205
3860 -39 -8062
3861 -38 -7919
3862 -37 -7776
3863 -36 -7633
3864 -35 -7490
3865 -34 -7347
3866 -33 -7204
3867 -32 -7061
3868 -31 -6918
3869 -30 -6775
3870 -29 -6632
3871 -28 -6489
3872 -27 -6346
3873 -26 -6203
3874 -25 -6060
3875 -24 -5917
3876 -23 -5774
3877 -22 -5631
3878 -21 -5488
3879 -20 -5345
3880 -19 -5202
3881 -18 -5059
3882 -17 -4916
3883 -16 -4773
3884 -15 -4630
3885 -14 -4487
3886 -13 -4344
3887 -12 -4201
3888 -11 -4058
3889 -10 -3915
3890 -9 -3772
3891 -8 -3629
3892 -7 -3486
3893 -6 -3343
3894 -5 -3200
3895 -4 -3057
3896 -3 -2914
3897 -2 -2771
3898 -1 -2628
3899 0 -2485
3900 1 -2342
3901 2 -2199
3902 3 -2056
3903 4 -1913
3904 5 -1770
3905 6 -1627
3906 7 -1484
3907 8 -1341
3908 9 -1198
3909 10 -1055
3910 11 -912
3911 12 -769
3912 13 -626
3913 14 -483
3914 15 -340
3915 16 -197
3916 17 -54
3917 18 89
3918 19 232
3919 20 375
3920 21 518
3921 22 661
3922 23 804
3923 24 947
3924 25 1090
3925 26 1233
3926 27 1376
3927 28 1519
3928 29 1662
3929 30 1805
3930 31 1948
3931 32 2091
3932 33 2234
3933 34 2377
3934 35 2520
3935 36 2663
3936 37 2806
3937 38 2949
3938 39 3092
3939 40 3235
3940 41 3378
3941 42 3521
3942 43 3664
3943 44 3807
3944 45 3950
3945 46 4093
3946 47 4236
3947 48 4379
3948 49 4522
3949 50 4665
3950 51 4808
3951 52 4951
3952 53 5094
3953 54 5237
3954 55 5380
3955 56 5523
3956 57 5666
3957 58 5809
3958 59 5952
3959 60 6095
3960 61 6238
3961 62 6381
3962 63 6524
3963 64 6667
3964 65 6810
3965 66 6953
3966 67 7096
3967 68 7239
3968 69 7382
3969 70 7525
3970 71 7668
3971 72 7811
3972 73 7954
3973 74 8097
3974 75 8240
3975 74 8383
3976 73 8546
3977 72 8727
3978 71 8862
3979 70 8973
3980 69 8988
3981 68 9099
3982 67 9188
3983 66 9373
3984 65 9616
3985 64 9839
3986 63 10080
3987 62 10305
3988 61 10534
3989 60 10749
3990 59 10852
3991 58 10829
3992 57 10694
3993 56 10513
3994 55 10350
3995 54 10207
3996 53 10064
3997 52 9921
3998 51 9778
3999 50 9635
4000 49 9492
4001 48 9349
4002 47 9206
4003 46 9063
4004 45 8920
4005 44 8777
4006 43 8634
4007 42 8491
4008 41 8348
4009 40 8205
4010 39 8062
4011 38 7919
4012 37 7776
4013 36 7633
4014 35 7490
4015 34 7347
4016 33 7204
4017 32 7061
4018 31 6918
4019 30 6775
4020 29 6632
4021 28 6489
4022 27 6346
4023 26 6203
4024 25 6060
4025 24 5917
4026 23 5774
4027 22 5631
4028 21 5488
4029 20 5345
4030 19 5202
4031 18 5059
4032 17 4916
4033 16 4773
4034 15 4630
4035 14 4487
4036 13 4344
4037 12 4201
4038 11 4058
4039 10 3915
4040 9 3772
4041 8 3629
4042 7 3486
4043 6 3343
4044 5 3200
4045 4 3057
4046 3 2914
4047 2 2771
4048 1 2628
4049 0 2485
4050 -1 2342
4051 -2 2199
4052 -3 2056
4053 -4 1913
4054 -5 1770
4055 -6 1627
4056 -7 1484
4057 -8 1341
4058 -9 1198
4059 -10 1055
4060 -11 912
4061 -12 769
4062 -13 626
4063 -14 483
4064 -15 340
4065 -16 197
4066 -17 54
4067 -18 -89
4068 -19 -232
4069 -20 -375
4070 -21 -518
4071 -22 -661
4072 -23 -804
4073 -24 -947
4074 -25 -1090
4075 -26 -1233
4076 -27 -1376
4077 -28 -1519
4078 -29 -1662
4079 -30 -1805
4080 -31 -1948
4081 -32 -2091
4082 -33 -2234
4083 -34 -2377
4084 -35 -2520
4085 -36 -2663
4086 -37 -2806
4087 -38 -2949
4088 -39 -3092
4089 -40 -3235
4090 -41 -3378
4091 -42 -3521
4092 -43 -3664
4093 -44 -3807
4094 -45 -3950
4095 -46 -4093
4096 -47 -4236
4097 -48 -4379
4098 -49 -4522
4099 -50 -4665
4100 -51 -4808
4101 -52 -4951
4102 -53 -5094
4103 -54 -5237
4104 -55 -5380
4105 -56 -5523
4106 -57 -5666
4107 -58 -5809
4108 -59 -5952
4109 -60 -6095
4110 -61 -6238
4111 -62 -6381
4112 -63 -6524
4113 -64 -6667
4114 -65 -6810
4115 -66 -6953
4116 -67 -7096
4117 -68 -7239
4118 -69 -7382
4119 -70 -7525
4120 -71 -7668
4121 -72 -7811
4122 -73 -7954
4123 -74 -8097
4124 -75 -8240
4125 -74 -8383
4126 -73 -8546
4127 -72 -8727
4128 -71 -8862
4129 -70 -8973
4130 -69 -8988
4131 -68 -9099
4132 -67 -9188
4133 -66 -9373
4134 -65 -9616
4135 -64 -9839
4136 -63 -10080
4137 -62 -10305
4138 -61 -10534
4139 -60 -10749
4140 -59 -10852
4141 -58 -10829
4142 -57 -10694
4143 -56 -10513
4144 -55 -10350
4145 -54 -10207
4146 -53 -10064
4147 -52 -9921
4148 -51 -9778
4149 -50 -9635
4150 -49 -9492
4151 -48 -9349
4152 -47 -9206
4153 -46 -9063
4154 -45 -8920
4155 -44 -8777
4156 -43 -8634
4157 -42 -8491
4158 -41 -8348
4159 -40 -8205
4160 -39 -8062
4161 -38 -7919
4162 -37 -7776
4163 -36 -7633
4164 -35 -7490
4165 -34 -7347
4166 -33 -7204
4167 -32 -7061
4168 -31 -6918
4169 -30 -6775
4170 -29 -6632
4171 -28 -6489
4172 -27 -6346
4173 -26 -6203
4174 -25 -6060
4175 -24 -5917
4176 -23 -5774
4177 -22 -5631
4178 -21 -5488
4179 -20 -5345
4180 -19 -5202
4181 -18 -5059
4182 -17 -4916
4183 -16 -4773
4184 -15 -4630
4185 -14 -4487
4186 -13 -4344
4187 -12 -4201
4188 -11 -4058
4189 -10 -3915
4190 -9 -3772
4191 -8 -3629
4192 -7 -3486
4193 -6 -3343
4194 -5 -3200
4195 -4 -3057
4196 -3 -2914
4197 -2 -2771
4198 -1 -2628
4199 0 -2485
4200 1 -2342
4201 2 -2199
4202 3 -2056
4203 4 -1913
4204 5 -1770
4205 6 -1627
4206 7 -1484
4207 8 -1341
4208 9 -1198
4209 10 -1055
4210 11 -912
4211 12 -769
4212 13 -626
4213 14 -483
4214 15 -340
4215 16 -197
4216 17 -54
4217 18 89
4218 19 232
4219 20 375
4220 21 518
4221 22 661
4222 23 804
4223 24 947
4224 25 1090
4225 26 1233
4226 27 1376
4227 28 1519
4228 29 1662
4229 30 1805
4230 31 1948
4231 32 2091
4232 33 2234
4233 34 2377
4234 35 2520
4235 36 2663
4236 37 2806
4237 38 2949
4238 39 3092
4239 40 3235
4240 41 3378
4241 42 3521
4242 43 3664
4243 44 3807
4244 45 3950
4245 46 4093
4246 47 4236
4247 48 4379
4248 49 4522
4249 50 4665
4250 51 4808
4251 52 4951
4252 53 5094
4253 54 5237
4254 55 5380
4255 56 5523
4256 57 5666
4257 58 5809
4258 59 5952
4259 60 6095
4260 61 6238
4261 62 6381
4262 63 6524
4263 64 6667
4264 65 6810
4265 66 6953
4266 67 7096
4267 68 7239
4268 69 7382
4269 70 7525
4270 71 7668
4271 72 7811
4272 73 7954
4273 74 8097
4274 75 8240
4275 74 8383
4276 73 8546
4277 72 8727
4278 71 8862
4279 70 8973
4280 69 8988
4281 68 9099
4282 67 9188
4283 66 9373
4284 65 9616
4285 64 9839
4286 63 10080
4287 62 10305
4288 61 10534
4289 60 10749
4290 59 10852
4291 58 10829
4292 57 10694
4293 56 10513
4294 55 10350
4295 54 10207
4296 53 10064
4297 52 9921
4298 51 9778
4299 50 9635
4300 49 9492
4301 48 9349
4302 47 9206
4303 46 9063
4304 45 8920
4305 44 8777
4306 43 8634
4307 42 8491
4308 41 8348
4309 40 8205
4310 39 8062
4311 38 7919
4312 37 7776
4313 36 7633
4314 35 7490
4315 34 7347
4316 33 7204
4317 32 7061
4318 31 6918
4319 30 6775
4320 29 6632
4321 28 6489
4322 27 6346
4323 26 6203
4324 25 6060
4325 24 5917
4326 23 5774
4327 22 5631
4328 21 5488
4329 20 5345
4330 19 5202
4331 18 5059
4332 17 4916
4333 16 4773
4334 15 4630
4335 14 4487
4336 13 4344
4337 12 4201
4338 11 4058
4339 10 3915
4340 9 3772
4341 8 3629
4342 7 3486
4343 6 3343
4344 5 3200
4345 4 3057
4346 3 2914
4347 2 2771
4348 1 2628
4349 0 2485
4350 -1 2342
4351 -2 2199
4352 -3 2056
4353 -4 1913
4354 -5 1770
4355 -6 1627
4356 -7 1484
4357 -8 1341
4358 -9 1198
4359 -10 1055
4360 -11 912
4361 -12 769
4362 -13 626
4363 -14 483
4364 -15 340
4365 -16 197
4366 -17 54
4367 -18 -89
4368 -19 -232
4369 -20 -375
4370 -21 -518
4371 -22 -661
4372 -23 -804
4373 -24 -947
4374 -25 -1090
4375 -26 -1233
4376 -27 -1376
4377 -28 -1519
4378 -29 -1662
4379 -30 -1805
4380 -31 -1948
4381 -32 -2091
4382 -33 -2234
4383 -34 -2377
4384 -35 -2520
4385 -36 -2663
4386 -37 -2806
4387 -38 -2949
4388 -39 -3092
4389 -40 -3235
4390 -41 -3378
4391 -42 -3521
4392 -43 -3664
4393 -44 -3807
4394 -45 -3950
4395 -46 -4093
4396 -47 -4236
4397 -48 -4379
4398 -49 -4522
4399 -50 -4665
4400 -51 -4808
4401 -52 -4951
4402 -53 -5094
4403 -54 -5237
4404 -55 -5380
4405 -56 -5523
4406 -57 -5666
4407 -58 -5809
4408 -59 -5952
4409 -60 -6095
4410 -61 -6238
4411 -62 -6381
4412 -63 -6524
4413 -64 -6667
4414 -65 -6810
4415 -66 -6953
4416 -67 -7096
4417 -68 -7239
4418 -69 -7382
4419 -70 -7525
4420 -71 -7668
4421 -72 -7811
4422 -73 -7954
4423 -74 -8097
4424 -75 -8240
4425 -74 -8383
4426 -73 -8546
4427 -72 -8727
4428 -71 -8862
4429 -70 -8973
4430 -69 -8988
4431 -68 -9099
4432 -67 -9188
4433 -66 -9373
4434 -65 -9616
4435 -64 -9839
4436 -63 -10080
4437 -62 -10305
4438 -61 -10534
4439 -60 -10749
4440 -59 -10852
4441 -58 -10829
4442 -57 -10694
4443 -56 -10513
4444 -55 -10350
4445 -54 -10207
4446 -53 -10064
4447 -52 -9921
4448 -51 -9778
4449 -50 -9635
4450 -49 -9492
4451 -48 -9349
4452 -47 -9206
4453 -46 -9063
4454 -45 -8920
4455 -44 -8777
4456 -43 -8634
4457 -42 -8491
4458 -41 -8348
4459 -40 -8205
4460 -39 -8062
4461 -38 -7919
4462 -37 -7776
4463 -36 -7633
4464 -35 -7490
4465 -34 -7347
4466 -33 -7204
4467 -32 -7061
4468 -31 -6918
4469 -30 -6775
4470 -29 -6632
4471 -28 -6489
4472 -27 -6346
4473 -26 -6203
4474 -25 -6060
4475 -24 -5917
4476 -23 -5774
4477 -22 -5631
4478 -21 -5488
4479 -20 -5345
4480 -19 -5202
4481 -18 -5059
4482 -17 -4916
4483 -16 -4773
4484 -15 -4630
4485 -14 -4487
4486 -13 -4344
4487 -12 -4201
4488 -11 -4058
4489 -10 -3915
4490 -9 -3772
4491 -8 -3629
4492 -7 -3486
4493 -6 -3343
4494 -5 -3200
4495 -4 -3057
4496 -3 -2914
4497 -2 -2771
4498 -1 -2628
4499 0 -2485
4500 1 -2342
4501 2 -2199
4502 3 -2056
4503 4 -1913
4504 5 -1770
4505 6 -1627
4506 7 -1484
4507 8 -1341
4508 9 -1198
4509 10 -1055
4510 11 -912
4511 12 -769
4512 13 -626
4513 14 -483
4514 15 -340
4515 16 -197
4516 17 -54
4517 18 89
4518 19 232
4519 20 375
4520 21 518
4521 22 661
4522 23 804
4523 24 947
4524 25 1090
4525 26 1233
4526 27 1376
4527 28 1519
4528 29 1662
4529 30 1805
4530 31 1948
4531 32 2091
4532 33 2234
4533 34 2377
4534 35 2520
4535 36 2663
4536 37 2806
4537 38 2949
4538 39 3092
4539 40 3235
4540 41 3378
4541 42 3521
4542 43 3664
4543 44 3807
4544 45 3950
4545 46 4093
4546 47 4236
4547 48 4379
4548 49 4522
4549 50 4665
4550 51 4808
4551 52 4951
4552 53 5094
4553 54 5237
4554 55 5380
4555 56 5523
4556 57 5666
4557 58 5809
4558 59 5952
4559 60 6095
4560 61 6238
4561 62 6381
4562 63 6524
4563 64 6667
4564 65 6810
4565 66 6953
4566 67 7096
4567 68 7239
4568 69 7382
4569 70 7525
4570 71 7668
4571 72 7811
4572 73 7954
4573 74 8097
4574 75 8240
4575 74 8383
4576 73 8546
4577 72 8727
4578 71 8862
4579 70 8973
4580 69 8988
4581 68 9099
4582 67 9188
4583 66 9373
4584 65 9616
4585 64 9839
4586 63 10080
4587 62 10305
4588 61 10534
4589 60 10749
4590 59 10852
4591 58 10829
4592 57 10694
4593 56 10513
4594 55 10350
4595 54 10207
4596 53 10064
4597 52 9921
4598 51 9778
4599 50 9635
4600 49 9492
4601 48 9349
4602 47 9206
4603 46 9063
4604 45 8920
4605 44 8777
4606 43 8634
4607 42 8491
4608 41 8348
4609 40 8205
4610 39 8062
4611 38 7919
4612 37 7776
4613 36 7633
4614 35 7490
4615 34 7347
4616 33 7204
4617 32 7061
4618 31 6918
4619 30 6775
4620 29 6632
4621 28 6489
4622 27 6346
4623 26 6203
4624 25 6060
4625 24 5917
4626 23 5774
4627 22 5631
4628 21 5488
4629 20 5345
4630 19 5202
4631 18 5059
4632 17 4916
4633 16 4773
4634 15 4630
4635 14 4487
4636 13 4344
4637 12 4201
4638 11 4058
4639 10 3915
4640 9 3772
4641 8 3629
4642 7 3486
4643 6 3343
4644 5 3200
4645 4 3057
4646 3 2914
4647 2 2771
4648 1 2628
4649 0 2485
4650 -1 2342
4651 -2 2199
4652 -3 2056
4653 -4 1913
4654 -5 1770
4655 -6 1627
4656 -7 1484
4657 -8 1341
4658 -9 1198
4659 -10 1055
4660 -11 912
4661 -12 769
4662 -13 626
4663 -14 483
4664 -15 340
4665 -16 197
4666 -17 54
4667 -18 -89
4668 -19 -232
4669 -20 -375
4670 -21 -518
4671 -22 -661
4672 -23 -804
4673 -24 -947
4674 -25 -1090
4675 -26 -1233
4676 -27 -1376
4677 -28 -1519
4678 -29 -1662
4679 -30 -1805
4680 -31 -1948
4681 -32 -2091
4682 -33 -2234
4683 -34 -2377
4684 -35 -2520
4685 -36 -2663
4686 -37 -2806
4687 -38 -2949
4688 -39 -3092
4689 -40 -3235
4690 -41 -3378
4691 -42 -3521
4692 -43 -3664
4693 -44 -3807
4694 -45 -3950
4695 -46 -4093
4696 -47 -4236
4697 -48 -4379
4698 -49 -4522
4699 -50 -4665
4700 -51 -4808
4701 -52 -4951
4702 -53 -5094
4703 -54 -5237
4704 -55 -5380
4705 -56 -5523
4706 -57 -5666
4707 -58 -5809
4708 -59 -5952
4709 -60 -6095
4710 -61 -6238
4711 -62 -6381
4712 -63 -6524
4713 -64 -6667
4714 -65 -6810
4715 -66 -6953
4716 -67 -7096
4717 -68 -7239
4718 -69 -7382
4719 -70 -7525
4720 -71 -7668
4721 -72 -7811
4722 -73 -7954
4723 -74 -8097
4724 -75 -8240
4725 -74 -8383
4726 -73 -8546
4727 -72 -8727
4728 -71 -8862
4729 -70 -8973
4730 -69 -8988
4731 -68 -9099
4732 -67 -9188
4733 -66 -9373
4734 -65 -9616
4735 -64 -9839
4736 -63 -10080
4737 -62 -10305
4738 -61 -10534
4739 -60 -10749
4740 -59 -10852
4741 -58 -10829
4742 -57 -10694
4743 -56 -10513
4744 -55 -10350
4745 -54 -10207
4746 -53 -10064
4747 -52 -9921
4748 -51 -9778
4749 -50 -9635
4750 -49 -9492
4751 -48 -9349
4752 -47 -9206
4753 -46 -9063
4754 -45 -8920
4755 -44 -8777
4756 -43 -8634
4757 -42 -8491
4758 -41 -8348
4759 -40 -8205
4760 -39 -8062
4761 -38 -7919
4762 -37 -7776
4763 -36 -7633
4764 -35 -7490
4765 -34 -7347
4766 -33 -7204
4767 -32 -7061
4768 -31 -6918
4769 -30 -6775
4770 -29 -6632
4771 -28 -6489
4772 -27 -6346
4773 -26 -6203
4774 -25 -6060
4775 -24 -5917
4776 -23 -5774
4777 -22 -5631
4778 -21 -5488
4779 -20 -5345
4780 -19 -5202
4781 -18 -5059
4782 -17 -4916
4783 -16 -4773
4784 -15 -4630
4785 -14 -4487
4786 -13 -4344
4787 -12 -4201
4788 -11 -4058
4789 -10 -3915
4790 -9 -3772
4791 -8 -3629
4792 -7 -3486
4793 -6 -3343
4794 -5 -3200
4795 -4 -3057
4796 -3 -2914
4797 -2 -2771
4798 -1 -2628
4799 0 -2485
4800 1 -2342
4801 2 -2199
4802 3 -2056
4803 4 -1913
4804 5 -1770
4805 6 -1627
4806 7 -1484
4807 8 -1341
4808 9 -1198
4809 10 -1055
4810 11 -912
4811 12 -769
4812 13 -626
4813 14 -483
4814 15 -340
4815 16 -197
4816 17 -54
4817 18 89
4818 19 232
4819 20 375
4820 21 518
4821 22 661
4822 23 804
4823 24 947
4824 25 1090
4825 26 1233
4826 27 1376
4827 28 1519
4828 29 1662
4829 30 1805
4830 31 1948
4831 32 2091
4832 33 2234
4833 34 2377
4834 35 2520
4835 36 2663
4836 37 2806
4837 38 2949
4838 39 3092
4839 40 3235
4840 41 3378
4841 42 3521
4842 43 3664
4843 44 3807
4844 45 3950
4845 46 4093
4846 47 4236
4847 48 4379
4848 49 4522
4849 50 4665
4850 51 4808
4851 52 4951
4852 53 5094
4853 54 5237
4854 55 5380
4855 56 5523
4856 57 5666
4857 58 5809
4858 59 5952
4859 60 6095
4860 61 6238
4861 62 6381
4862 63 6524
4863 64 6667
4864 65 6810
4865 66 6953
4866 67 7096
4867 68 7239
4868 69 7382
4869 70 7525
4870 71 7668
4871 72 7811
4872 73 7954
4873 74 8097
4874 75 8240
4875 74 8383
4876 73 8546
4877 72 8727
4878 71 8862
4879 70 8973
4880 69 8988
4881 68 9099
4882 67 9188
4883 66 9373
4884 65 9616
4885 64 9839
4886 63 10080
4887 62 10305
4888 61 10534
4889 60 10749
4890 59 10852
4891 58 10829
4892 57 10694
4893 56 10513
4894 55 10350
4895 54 10207
4896 53 10064
4897 52 9921
4898 51 9778
4899 50 9635
4900 49 9492
4901 48 9349
4902 47 9206
4903 46 9063
4904 45 8920
4905 44 8777
4906 43 8634
4907 42 8491
4908 41 8348
4909 40 8205
4910 39 8062
4911 38 7919
4912 37 7776
4913 36 7633
4914 35 7490
4915 34 7347
4916 33 7204
4917 32 7061
4918 31 6918
4919 30 6775
4920 29 6632
4921 28 6489
4922 27 6346
4923 26 6203
4924 25 6060
4925 24 5917
4926 23 5774
4927 22 5631
4928 21 5488
4929 20 5345
4930 19 5202
4931 18 5059
4932 17 4916
4933 16 4773
4934 15 4630
4935 14 4487
4936 13 4344
4937 12 4201
4938 11 4058
4939 10 3915
4940 9 3772
4941 8 3629
4942 7 3486
4943 6 3343
4944 5 3200
4945 4 3057
4946 3 2914
4947 2 2771
4948 1 2628
4949 0 2485
4950 -1 2342
4951 -2 2199
4952 -3 2056
4953 -4 1913
4954 -5 1770
4955 -6 1627
4956 -7 1484
4957 -8 1341
4958 -9 1198
4959 -10 1055
4960 -11 912
4961 -12 769
4962 -13 626
4963 -14 483
4964 -15 340
4965 -16 197
4966 -17 54
4967 -18 -89
4968 -19 -232
4969 -20 -375
4970 -21 -518
4971 -22 -661
4972 -23 -804
4973 -24 -947
4974 -25 -1090
4975 -26 -1233
4976 -27 -1376
4977 -28 -1519
4978 -29 -1662
4979 -30 -1805
4980 -31 -1948
4981 -32 -2091
4982 -33 -2234
4983 -34 -2377
4984 -35 -2520
4985 -36 -2663
4986 -37 -2806
4987 -38 -2949
4988 -39 -3092
4989 -40 -3235
4990 -41 -3378
4991 -42 -3521
4992 -43 -3664
4993 -44 -3807
4994 -45 -3950
4995 -46 -4093
4996 -47 -4236
4997 -48 -4379
4998 -49 -4522
4999 -50 -4665
5000 -51 -4808
5001 -52 -4951
5002 -53 -5094
5003 -54 -5237
5004 -55 -5380
5005 -56 -5523
5006 -57 -5666
5007 -58 -5809
5008 -59 -5952
5009 -60 -6095
5010 -61 -6238
5011 -62 -6381
5012 -63 -6524
5013 -64 -6667
5014 -65 -6810
5015 -66 -6953
5016 -67 -7096
5017 -68 -7239
5018 -69 -7382
5019 -70 -7525
5020 -71 -7668
5021 -72 -7811
5022 -73 -7954
5023 -74 -8097
5024 -75 -8240
5025 -74 -8383
5026 -73 -8546
5027 -72 -8727
5028 -71 -8862
5029 -70 -8973
5030 -69 -8988
5031 -68 -9099
5032 -67 -9188
5033 -66 -9373
5034 -65 -9616
5035 -64 -9839
5036 -63 -10080
5037 -62 -10305
5038 -61 -10534
5039 -60 -10749
5040 -59 -10852
5041 -58 -10829
5042 -57 -10694
5043 -56 -10513
5044 -55 -10350
5045 -54 -10207
5046 -53 -10064
5047 -52 -9921
5048 -51 -9778
5049 -50 -9635
5050 -49 -9492
5051 -48 -9349
5052 -47 -9206
5053 -46 -9063
5054 -45 -8920
5055 -44 -8777
5056 -43 -8634
5057 -42 -8491
5058 -41 -8348
5059 -40 -8205
5060 -39 -8062
5061 -38 -7919
5062 -37 -7776
5063 -36 -7633
5064 -35 -7490
5065 -34 -7347
5066 -33 -7204
5067 -32 -7061
5068 -31 -6918
5069 -30 -6775
5070 -29 -6632
5071 -28 -6489
5072 -27 -6346
5073 -26 -6203
5074 -25 -6060
5075 -24 -5917
5076 -23 -5774
5077 -22 -5631
5078 -21 -5488
5079 -20 -5345
5080 -19 -5202
5081 -18 -5059
5082 -17 -4916
5083 -16 -4773
5084 -15 -4630
5085 -14 -4487
5086 -13 -4344
5087 -12 -4201
5088 -11 -4058
5089 -10 -3915
5090 -9 -3772
5091 -8 -3629
5092 -7 -3486
5093 -6 -3343
5094 -5 -3200
5095 -4 -3057
5096 -3 -2914
5097 -2 -2771
5098 -1 -2628
5099 0 -2485
5100 1 -2342
5101 2 -2199
5102 3 -2056
5103 4 -1913
5104 5 -1770
5105 6 -1627
5106 7 -1484
5107 8 -1341
5108 9 -1198
5109 10 -1055
5110 11 -912
5111 12 -769
5112 13 -626
5113 14 -483
5114 15 -340
5115 16 -197
5116 17 -54
5117 18 89
5118 19 232
5119 20 375
5120 21 518
5121 22 661
5122 23 804
5123 24 947
5124 25 1090
5125 26 1233
5126 27 1376
5127 28 1519
5128 29 1662
5129 30 1805
5130 31 1948
5131 32 2091
5132 33 2234
5133 34 2377
5134 35 2520
5135 36 2663
5136 37 2806
5137 38 2949
5138 39 3092
5139 40 3235
5140 41 3378
5141 42 3521
5142 43 3664
5143 44 3807
5144 45 3950
5145 46 4093
5146 47 4236
5147 48 4379
5148 49 4522
5149 50 4665
5150 51 4808
5151 52 4951
5152 53 5094
5153 54 5237
5154 55 5380
5155 56 5523
5156 57 5666
5157 58 5809
5158 59 5952
5159 60 6095
5160 61 6238
5161 62 6381
5162 63 6524
5163 64 6667
5164 65 6810
5165 66 6953
5166 67 7096
5167 68 7239
5168 69 7382
5169 70 7525
5170 71 7668
5171 72 7811
5172 73 7954
5173 74 8097
5174 75 8240
5175 74 8383
5176 73 8546
5177 72 8727
5178 71 8862
5179 70 8973
5180 69 8988
5181 68 9099
5182 67 9188
5183 66 9373
5184 65 9616
5185 64 9839
5186 63 10080
5187 62 10305
5188 61 10534
5189 60 10749
5190 59 10852
5191 58 10829
5192 57 10694
5193 56 10513
5194 55 10350
5195 54 10207
5196 53 10064
5197 52 9921
5198 51 9778
5199 50 9635
5200 49 9492
5201 48 9349
5202 47 9206
5203 46 9063
5204 45 8920
5205 44 8777
5206 43 8634
5207 42 8491
5208 41 8348
5209 40 8205
5210 39 8062
5211 38 7919
5212 37 7776
5213 36 7633
5214 35 7490
5215 34 7347
5216 33 7204
5217 32 7061
5218 31 6918
5219 30 6775
5220 29 6632
5221 28 6489
5222 27 6346
5223 26 6203
5224 25 6060
5225 24 5917
5226 23 5774
5227 22 5631
5228 21 5488
5229 20 5345
5230 19 5202
5231 18 5059
5232 17 4916
5233 16 4773
5234 15 4630
5235 14 4487
5236 13 4344
5237 12 4201
5238 11 4058
5239 10 3915
5240 9 3772
5241 8 3629
5242 7 3486
5243 6 3343
5244 5 3200
5245 4 3057
5246 3 2914
5247 2 2771
5248 1 2628
5249 0 2485
5250 -1 2342
5251 -2 2199
5252 -3 2056
5253 -4 1913
5254 -5 1770
5255 -6 1627
5256 -7 1484
5257 -8 1341
5258 -9 1198
5259 -10 1055
5260 -11 912
5261 -12 769
5262 -13 626
5263 -14 483
5264 -15 340
5265 -16 197
5266 -17 54
5267 -18 -89
5268 -19 -232
5269 -20 -375
5270 -21 -518
5271 -22 -661
5272 -23 -804
5273 -24 -947
5274 -25 -1090
5275 -26 -1233
5276 -27 -1376
5277 -28 -1519
5278 -29 -1662
5279 -30 -1805
5280 -31 -1948
5281 -32 -2091
5282 -33 -2234
5283 -34 -2377
5284 -35 -2520
5285 -36 -2663
5286 -37 -2806
5287 -38 -2949
5288 -39 -3092
5289 -40 -3235
5290 -41 -3378
5291 -42 -3521
5292 -43 -3664
5293 -44 -3807
5294 -45 -3950
5295 -46 -4093
5296 -47 -4236
5297 -48 -4379
5298 -49 -4522
5299 -50 -4665
5300 -51 -4808
5301 -52 -4951
5302 -53 -5094
5303 -54 -5237
5304 -55 -5380
5305 -56 -5523
5306 -57 -5666
5307 -58 -5809
5308 -59 -5952
5309 -60 -6095
5310 -61 -6238
5311 -62 -6381
5312 -63 -6524
5313 -64 -6667
5314 -65 -6810
5315 -66 -6953
5316 -67 -7096
5317 -68 -7239
5318 -69 -7382
5319 -70 -7525
5320 -71 -7668
5321 -72 -7811
5322 -73 -7954
5323 -74 -8097
5324 -75 -8240
5325 -74 -8383
5326 -73 -8546
5327 -72 -8727
5328 -71 -8862
5329 -70 -8973
5330 -69 -8988
5331 -68 -9099
5332 -67 -9188
5333 -66 -9373
5334 -65 -9616
5335 -64 -9839
5336 -63 -10080
5337 -62 -10305
5338 -61 -10534
5339 -60 -10749
5340 -59 -10852
5341 -58 -10829
5342 -57 -10694
5343 -56 -10513
5344 -55 -10350
5345 -54 -10207
5346 -53 -10064
5347 -52 -9921
5348 -51 -9778
5349 -50 -9635
5350 -49 -9492
5351 -48 -9349
5352 -47 -9206
5353 -46 -9063
5354 -45 -8920
5355 -44 -8777
5356 -43 -8634
5357 -42 -8491
5358 -41 -8348
5359 -40 -8205
5360 -39 -8062
5361 -38 -7919
5362 -37 -7776
5363 -36 -7633
5364 -35 -7490
5365 -34 -7347
5366 -33 -7204
5367 -32 -7061
5368 -31 -6918
5369 -30 -6775
5370 -29 -6632
5371 -28 -6489
5372 -27 -6346
5373 -26 -6203
5374 -25 -6060
5375 -24 -5917
5376 -23 -5774
5377 -22 -5631
5378 -21 -5488
5379 -20 -5345
5380 -19 -5202
5381 -18 -5059
5382 -17 -4916
5383 -16 -4773
5384 -15 -4630
5385 -14 -4487
5386 -13 -4344
5387 -12 -4201
5388 -11 -4058
5389 -10 -3915
5390 -9 -3772
5391 -8 -3629
5392 -7 -3486
5393 -6 -3343
5394 -5 -3200
5395 -4 -3057
5396 -3 -2914
5397 -2 -2771
5398 -1 -2628
5399 0 -2485
5400 1 -2342
5401 2 -2199
5402 3 -2056
5403 4 -1913
5404 5 -1770
5405 6 -1627
5406 7 -1484
5407 8 -1341
5408 9 -1198
5409 10 -1055
5410 11 -912
5411 12 -769
5412 13 -626
5413 14 -483
5414 15 -340
5415 16 -197
5416 17 -54
5417 18 89
5418 19 232
5419 20 375
5420 21 518
5421 22 661
5422 23 804
5423 24 947
5424 25 1090
5425 26 1233
5426 27 1376
5427 28 1519
5428 29 1662
5429 30 1805
5430 31 1948
5431 32 2091
5432 33 2234
5433 34 2377
5434 35 2520
5435 36 2663
5436 37 2806
5437 38 2949
5438 39 3092
5439 40 3235
5440 41 3378
5441 42 3521
5442 43 3664
5443 44 3807
5444 45 3950
5445 46 4093
5446 47 4236
5447 48 4379
5448 49 4522
5449 50 4665
5450 51 4808
5451 52 4951
5452 53 5094
5453 54 5237
5454 55 5380
5455 56 5523
5456 57 5666
5457 58 5809
5458 59 5952
5459 60 6095
5460 61 6238
5461 62 6381
5462 63 6524
5463 64 6667
5464 65 6810
5465 66 6953
5466 67 7096
5467 68 7239
5468 69 7382
5469 70 7525
5470 71 7668
5471 72 7811
5472 73 7954
5473 74 8097
5474 75 8240
5475 74 8383
5476 73 8546
5477 72 8727
5478 71 8862
5479 70 8973
5480 69 8988
5481 68 9099
5482 67 9188
5483 66 9373
5484 65 9616
5485 64 9839
5486 63 10080
5487 62 10305
5488 61 10534
5489 60 10749
5490 59 10852
5491 58 10829
5492 57 10694
5493 56 10513
5494 55 10350
5495 54 10207
5496 53 10064
5497 52 9921
5498 51 9778
5499 50 9635
5500 49 9492
5501 48 9349
5502 47 9206
5503 46 9063
5504 45 8920
5505 44 8777
5506 43 8634
5507 42 8491
5508 41 8348
5509 40 8205
5510 39 8062
5511 38 7919
5512 37 7776
5513 36 7633
5514 35 7490
5515 34 7347
5516 33 7204
5517 32 7061
5518 31 6918
5519 30 6775
5520 29 6632
5521 28 6489
5522 27 6346
5523 26 6203
5524 25 6060
5525 24 5917
5526 23 5774
5527 22 5631
5528 21 5488
5529 20 5345
5530 19 5202
5531 18 5059
5532 17 4916
5533 16 4773
5534 15 4630
5535 14 4487
5536 13 4344
5537 12 4201
5538 11 4058
5539 10 3915
5540 9 3772
5541 8 3629
5542 7 3486
5543 6 3343
5544 5 3200
5545 4 3057
5546 3 2914
5547 2 2771
5548 1 2628
5549 0 2485
5550 -1 2342
5551 -2 2199
5552 -3 2056
5553 -4 1913
5554 -5 1770
5555 -6 1627
5556 -7 1484
5557 -8 1341
5558 -9 1198
5559 -10 1055
5560 -11 912
5561 -12 769
5562 -13 626
5563 -14 483
5564 -15 340
5565 -16 197
5566 -17 54
5567 -18 -89
5568 -19 -232
5569 -20 -375
5570 -21 -518
5571 -22 -661
5572 -23 -804
5573 -24 -947
5574 -25 -1090
5575 -26 -1233
5576 -27 -1376
5577 -28 -1519
5578 -29 -1662
5579 -30 -1805
5580 -31 -1948
5581 -32 -2091
5582 -33 -2234
5583 -34 -2377
5584 -35 -2520
5585 -36 -2663
5586 -37 -2806
5587 -38 -2949
5588 -39 -3092
5589 -40 -3235
5590 -41 -3378
5591 -42 -3521
5592 -43 -3664
5593 -44 -3807
5594 -45 -3950
5595 -46 -4093
5596 -47 -4236
5597 -48 -4379
5598 -49 -4522
5599 -50 -4665
5600 -51 -4808
5601 -52 -4951
5602 -53 -5094
5603 -54 -5237
5604 -55 -5380
5605 -56 -5523
5606 -57 -5666
5607 -58 -5809
5608 -59 -5952
5609 -60 -6095
5610 -61 -6238
5611 -62 -6381
5612 -63 -6524
5613 -64 -6667
5614 -65 -6810
5615 -66 -6953
5616 -67 -7096
5617 -68 -7239
5618 -69 -7382
5619 -70 -7525
5620 -71 -7668
5621 -72 -7811
5622 -73 -7954
5623 -74 -8097
5624 -75 -8240
5625 -74 -8383
5626 -73 -8546
5627 -72 -8727
5628 -71 -8862
5629 -70 -8973
5630 -69 -8988
5631 -68 -9099
5632 -67 -9188
5633 -66 -9373
5634 -65 -9616
5635 -64 -9839
5636 -63 -10080
5637 -62 -10305
5638 -61 -10534
5639 -60 -10749
5640 -59 -10852
5641 -58 -10829
5642 -57 -10694
5643 -56 -10513
5644 -55 -10350
5645 -54 -10207
5646 -53 -10064
5647 -52 -9921
5648 -51 -9778
5649 -50 -9635
5650 -49 -9492
5651 -48 -9349
5652 -47 -9206
5653 -46 -9063
5654 -45 -8920
5655 -44 -8777
5656 -43 -8634
5657 -42 -8491
5658 -41 -8348
5659 -40 -8205
5660 -39 -8062
5661 -38 -7919
5662 -37 -7776
5663 -36 -7633
5664 -35 -7490
5665 -34 -7347
5666 -33 -7204
5667 -32 -7061
5668 -31 -6918
5669 -30 -6775
5670 -29 -6632
5671 -28 -6489
5672 -27 -6346
5673 -26 -6203
5674 -25 -6060
5675 -24 -5917
5676 -23 -5774
5677 -22 -5631
5678 -21 -5488
5679 -20 -5345
5680 -19 -5202
5681 -18 -5059
5682 -17 -4916
5683 -16 -4773
5684 -15 -4630
5685 -14 -4487
5686 -13 -4344
5687 -12 -4201
5688 -11 -4058
5689 -10 -3915
5690 -9 -3772
5691 -8 -3629
5692 -7 -3486
5693 -6 -3343
5694 -5 -3200
5695 -4 -3057
5696 -3 -2914
5697 -2 -2771
5698 -1 -2628
5699 0 -2485
5700 1 -2342
5701 2 -2199
5702 3 -2056
5703 4 -1913
5704 5 -1770
5705 6 -1627
5706 7 -1484
5707 8 -1341
5708 9 -1198
5709 10 -1055
5710 11 -912
5711 12 -769
5712 13 -626
5713 14 -483
5714 15 -340
5715 16 -197
5716 17 -54
5717 18 89
5718 19 232
5719 20 375
5720 21 518
5721 22 661
5722 23 804
5723 24 947
5724 25 1090
5725 26 1233
5726 27 1376
5727 28 1519
5728 29 1662
5729 30 1805
5730 31 1948
5731 32 2091
5732 33 2234
5733 34 2377
5734 35 2520
5735 36 2663
5736 37 2806
5737 38 2949
5738 39 3092
5739 40 3235
5740 41 3378
5741 42 3521
5742 43 3664
5743 44 3807
5744 45 3950
5745 46 4093
5746 47 4236
5747 48 4379
5748 49 4522
5749 50 4665
5750 51 4808
5751 52 4951
5752 53 5094
5753 54 5237
5754 55 5380
5755 56 5523
5756 57 5666
5757 58 5809
5758 59 5952
5759 60 6095
5760 61 6238
5761 62 6381
5762 63 6524
5763 64 6667
5764 65 6810
5765 66 6953
5766 67 7096
5767 68 7239
5768 69 7382
5769 70 7525
5770 71 7668
5771 72 7811
5772 73 7954
5773 74 8097
5774 75 8240
5775 74 8383
5776 73 8546
5777 72 8727
5778 71 8862
5779 70 8973
5780 69 8988
5781 68 9099
5782 67 9188
5783 66 9373
5784 65 9616
5785 64 9839
5786 63 10080
5787 62 10305
5788 61 10534
5789 60 10749
5790 59 10852
5791 58 10829
5792 57 10694
5793 56 10513
5794 55 10350
5795 54 10207
5796 53 10064
5797 52 9921
5798 51 9778
5799 50 9635
5800 49 9492
5801 48 9349
5802 47 9206
5803 46 9063
5804 45 8920
5805 44 8777
5806 43 8634
5807 42 8491
5808 41 8348
5809 40 8205
5810 39 8062
5811 38 7919
5812 37 7776
5813 36 7633
5814 35 7490
5815 34 7347
5816 33 7204
5817 32 7061
5818 31 6918
5819 30 6775
5820 29 6632
5821 28 6489
5822 27 6346
5823 26 6203
5824 25 6060
5825 24 5917
5826 23 5774
5827 22 5631
5828 21 5488
5829 20 5345
5830 19 5202
5831 18 5059
5832 17 4916
5833 16 4773
5834 15 4630
5835 14 4487
5836 13 4344
5837 12 4201
5838 11 4058
5839 10 3915
5840 9 3772
5841 8 3629
5842 7 3486
5843 6 3343
5844 5 3200
5845 4 3057
5846 3 2914
5847 2 2771
5848 1 2628
5849 0 2485
5850 -1 2342
5851 -2 2199
5852 -3 2056
5853 -4 1913
5854 -5 1770
5855 -6 1627
5856 -7 1484
5857 -8 1341
5858 -9 1198
5859 -10 1055
5860 -11 912
5861 -12 769
5862 -13 626
5863 -14 483
5864 -15 340
5865 -16 197
5866 -17 54
5867 -18 -89
5868 -19 -232
5869 -20 -375
5870 -21 -518
5871 -22 -661
5872 -23 -804
5873 -24 -947
5874 -25 -1090
5875 -26 -1233
5876 -27 -1376
5877 -28 -1519
5878 -29 -1662
5879 -30 -1805
5880 -31 -1948
5881 -32 -2091
5882 -33 -2234
5883 -34 -2377
5884 -35 -2520
5885 -36 -2663
5886 -37 -2806
5887 -38 -2949
5888 -39 -3092
5889 -40 -3235
5890 -41 -3378
5891 -42 -3521
5892 -43 -3664
5893 -44 -3807
5894 -45 -3950
5895 -46 -4093
5896 -47 -4236
5897 -48 -4379
5898 -49 -4522
5899 -50 -4665
5900 -51 -4808
5901 -52 -4951
5902 -53 -5094
5903 -54 -5237
5904 -55 -5380
5905 -56 -5523
5906 -57 -5666
5907 -58 -5809
5908 -59 -5952
5909 -60 -6095
5910 -61 -6238
5911 -62 -6381
5912 -63 -6524
5913 -64 -6667
5914 -65 -6810
5915 -66 -6953
5916 -67 -7096
5917 -68 -7239
5918 -69 -7382
5919 -70 -7525
5920 -71 -7668
5921 -72 -7811
5922 -73 -7954
5923 -74 -8097
5924 -75 -8240
5925 -74 -8383
5926 -73 -8546
5927 -72 -8727
5928 -71 -8862
5929 -70 -8973
5930 -69 -8988
5931 -68 -9099
5932 -67 -9188
5933 -66 -9373
5934 -65 -9616
5935 -64 -9839
5936 -63 -10080
5937 -62 -10305
5938 -61 -10534
5939 -60 -10749
5940 -59 -10852
5941 -58 -10829
5942 -57 -10694
5943 -56 -10513
5944 -55 -10350
5945 -54 -10207
5946 -53 -10064
5947 -52 -9921
5948 -51 -9778
5949 -50 -9635
5950 -49 -9492
5951 -48 -9349
5952 -47 -9206
5953 -46 -9063
5954 -45 -8920
5955 -44 -8777
5956 -43 -8634
5957 -42 -8491
5958 -41 -8348
5959 -40 -8205
5960 -39 -8062
5961 -38 -7919
5962 -37 -7776
5963 -36 -7633
5964 -35 -7490
5965 -34 -7347
5966 -33 -7204
5967 -32 -7061
5968 -31 -6918
5969 -30 -6775
5970 -29 -6632
5971 -28 -6489
5972 -27 -6346
5973 -26 -6203
5974 -25 -6060
5975 -24 -5917
5976 -23 -5774
5977 -22 -5631
5978 -21 -5488
5979 -20 -5345
5980 -19 -5202
5981 -18 -5059
5982 -17 -4916
5983 -16 -4773
5984 -15 -4630
5985 -14 -4487
5986 -13 -4344
5987 -12 -4201
5988 -11 -4058
5989 -10 -3915
5990 -9 -3772
5991 -8 -3629
5992 -7 -3486
5993 -6 -3343
5994 -5 -3200
5995 -4 -3057
5996 -3 -2914
5997 -2 -2771
5998 -1 -2628
5999 0 -2485
6000 1 -2342
