0 1 0
1 2 -10
2 3 -29
3 4 -25
4 5 35
5 6 158
6 7 337
7 8 539
8 9 732
9 10 915
10 11 1098
11 12 1281
12 13 1464
13 14 1647
14 15 1830
15 16 2013
16 17 2196
17 18 2379
18 19 2562
19 20 2745
20 21 2928
21 22 3111
22 23 3294
23 24 3477
24 25 3660
25 26 3843
26 27 4026
27 28 4209
28 29 4392
29 30 4575
30 31 4758
31 32 4941
32 33 5124
33 34 5307
34 35 5490
35 36 5673
36 37 5856
37 38 6039
38 39 6222
39 40 6405
40 41 6588
41 42 6771
42 43 6954
43 44 7137
44 45 7320
45 46 7503
46 47 7686
47 48 7869
48 49 8052
49 50 8235
50 51 8418
51 52 8601
52 53 8784
53 54 8967
54 55 9150
55 56 9333
56 57 9516
57 58 9699
58 59 9882
59 60 10065
60 61 10248
61 62 10431
62 63 10614
63 64 10797
64 65 10980
65 66 11163
66 67 11346
67 68 11529
68 69 11712
69 70 11895
70 71 12078
71 72 12261
72 73 12444
73 74 12627
74 75 12810
75 74 12993
76 73 13196
77 72 13417
78 71 13592
79 70 13655
80 69 13592
81 68 13417
82 67 13196
83 66 12993
84 65 12810
85 64 12627
86 63 12444
87 62 12261
88 61 12078
89 60 11895
90 59 11712
91 58 11529
92 57 11346
93 56 11163
94 55 10980
95 54 10797
96 53 10614
97 52 10431
98 51 10248
99 50 10065
100 49 9882
101 48 9699
102 47 9516
103 46 9333
104 45 9150
105 44 8967
106 43 8784
107 42 8601
108 41 8418
109 40 8235
110 39 8052
111 38 7869
112 37 7686
113 36 7503
114 35 7320
115 34 7137
116 33 6954
117 32 6771
118 31 6588
119 30 6405
120 29 6222
121 28 6039
122 27 5856
123 26 5673
124 25 5490
125 24 5307
126 23 5124
127 22 4941
128 21 4758
129 20 4575
130 19 4392
131 18 4209
132 17 4026
133 16 3843
134 15 3660
135 14 3477
136 13 3294
137 12 3111
138 11 2928
139 10 2745
140 9 2562
141 8 2379
142 7 2196
143 6 2013
144 5 1830
145 4 1647
146 3 1464
147 2 1281
148 1 1098
149 0 915
150 -1 732
151 -2 549
152 -3 366
153 -4 183
154 -5 0
155 -6 -183
156 -7 -366
157 -8 -549
158 -9 -732
159 -10 -915
160 -11 -1098
161 -12 -1281
162 -13 -1464
163 -14 -1647
164 -15 -1830
165 -16 -2013
166 -17 -2196
167 -18 -2379
168 -19 -2562
169 -20 -2745
170 -21 -2928
171 -22 -3111
172 -23 -3294
173 -24 -3477
174 -25 -3660
175 -26 -3843
176 -27 -4026
177 -28 -4209
178 -29 -4392
179 -30 -4575
180 -31 -4758
181 -32 -4941
182 -33 -5124
183 -34 -5307
184 -35 -5490
185 -36 -5673
186 -37 -5856
187 -38 -6039
188 -39 -6222
189 -40 -6405
190 -41 -6588
191 -42 -6771
192 -43 -6954
193 -44 -7137
194 -45 -7320
195 -46 -7503
196 -47 -7686
197 -48 -7869
198 -49 -8052
199 -50 -8235
200 -51 -8418
201 -52 -8601
202 -53 -8784
203 -54 -8967
204 -55 -9150
205 -56 -9333
206 -57 -9516
207 -58 -9699
208 -59 -9882
209 -60 -10065
210 -61 -10248
211 -62 -10431
212 -63 -10614
213 -64 -10797
214 -65 -10980
215 -66 -11163
216 -67 -11346
217 -68 -11529
218 -69 -11712
219 -70 -11895
220 -71 -12078
221 -72 -12261
222 -73 -12444
223 -74 -12627
224 -75 -12810
225 -74 -12993
226 -73 -13196
227 -72 -13417
228 -71 -13592
229 -70 -13655
230 -69 -13592
231 -68 -13417
232 -67 -13196
233 -66 -12993
234 -65 -12810
235 -64 -12627
236 -63 -12444
237 -62 -12261
238 -61 -12078
239 -60 -11895
240 -59 -11712
241 -58 -11529
242 -57 -11346
243 -56 -11163
244 -55 -10980
245 -54 -10797
246 -53 -10614
247 -52 -10431
248 -51 -10248
249 -50 -10065
250 -49 -9882
251 -48 -9699
252 -47 -9516
253 -46 -9333
254 -45 -9150
255 -44 -8967
256 -43 -8784
257 -42 -8601
258 -41 -8418
259 -40 -8235
260 -39 -8052
261 -38 -7869
262 -37 -7686
263 -36 -7503
264 -35 -7320
265 -34 -7137
266 -33 -6954
267 -32 -6771
268 -31 -6588
269 -30 -6405
270 -29 -6222
271 -28 -6039
272 -27 -5856
273 -26 -5673
274 -25 -5490
275 -24 -5307
276 -23 -5124
277 -22 -4941
278 -21 -4758
279 -20 -4575
280 -19 -4392
281 -18 -4209
282 -17 -4026
283 -16 -3843
284 -15 -3660
285 -14 -3477
286 -13 -3294
287 -12 -3111
288 -11 -2928
289 -10 -2745
290 -9 -2562
291 -8 -2379
292 -7 -2196
293 -6 -2013
294 -5 -1830
295 -4 -1647
296 -3 -1464
297 -2 -1281
298 -1 -1098
299 0 -915
300 1 -732
301 2 -549
302 3 -366
303 4 -183
304 5 0
305 6 183
306 7 366
307 8 549
308 9 732
309 10 915
310 11 1098
311 12 1281
312 13 1464
313 14 1647
314 15 1830
315 16 2013
316 17 2196
317 18 2379
318 19 2562
319 20 2745
320 21 2928
321 22 3111
322 23 3294
323 24 3477
324 25 3660
325 26 3843
326 27 4026
327 28 4209
328 29 4392
329 30 4575
330 31 4758
331 32 4941
332 33 5124
333 34 5307
334 35 5490
335 36 5673
336 37 5856
337 38 6039
338 39 6222
339 40 6405
340 41 6588
341 42 6771
342 43 6954
343 44 7137
344 45 7320
345 46 7503
346 47 7686
347 48 7869
348 49 8052
349 50 8235
350 51 8418
351 52 8601
352 53 8784
353 54 8967
354 55 9150
355 56 9333
356 57 9516
357 58 9699
358 59 9882
359 60 10065
360 61 10248
361 62 10431
362 63 10614
363 64 10797
364 65 10980
365 66 11163
366 67 11346
367 68 11529
368 69 11712
369 70 11895
370 71 12078
371 72 12261
372 73 12444
373 74 12627
374 75 12810
375 74 12993
376 73 13196
377 72 13417
378 71 13592
379 70 13655
380 69 13592
381 68 13417
382 67 13196
383 66 12993
384 65 12810
385 64 12627
386 63 12444
387 62 12261
388 61 12078
389 60 11895
390 59 11712
391 58 11529
392 57 11346
393 56 11163
394 55 10980
395 54 10797
396 53 10614
397 52 10431
398 51 10248
399 50 10065
400 49 9882
401 48 9699
402 47 9516
403 46 9333
404 45 9150
405 44 8967
406 43 8784
407 42 8601
408 41 8418
409 40 8235
410 39 8052
411 38 7869
412 37 7686
413 36 7503
414 35 7320
415 34 7137
416 33 6954
417 32 6771
418 31 6588
419 30 6405
420 29 6222
421 28 6039
422 27 5856
423 26 5673
424 25 5490
425 24 5307
426 23 5124
427 22 4941
428 21 4758
429 20 4575
430 19 4392
431 18 4209
432 17 4026
433 16 3843
434 15 3660
435 14 3477
436 13 3294
437 12 3111
438 11 2928
439 10 2745
440 9 2562
441 8 2379
442 7 2196
443 6 2013
444 5 1830
445 4 1647
446 3 1464
447 2 1281
448 1 1098
449 0 915
450 -1 732
451 -2 549
452 -3 366
453 -4 183
454 -5 0
455 -6 -183
456 -7 -366
457 -8 -549
458 -9 -732
459 -10 -915
460 -11 -1098
461 -12 -1281
462 -13 -1464
463 -14 -1647
464 -15 -1830
465 -16 -2013
466 -17 -2196
467 -18 -2379
468 -19 -2562
469 -20 -2745
470 -21 -2928
471 -22 -3111
472 -23 -3294
473 -24 -3477
474 -25 -3660
475 -26 -3843
476 -27 -4026
477 -28 -4209
478 -29 -4392
479 -30 -4575
480 -31 -4758
481 -32 -4941
482 -33 -5124
483 -34 -5307
484 -35 -5490
485 -36 -5673
486 -37 -5856
487 -38 -6039
488 -39 -6222
489 -40 -6405
490 -41 -6588
491 -42 -6771
492 -43 -6954
493 -44 -7137
494 -45 -7320
495 -46 -7503
496 -47 -7686
497 -48 -7869
498 -49 -8052
499 -50 -8235
500 -51 -8418
501 -52 -8601
502 -53 -8784
503 -54 -8967
504 -55 -9150
505 -56 -9333
506 -57 -9516
507 -58 -9699
508 -59 -9882
509 -60 -10065
510 -61 -10248
511 -62 -10431
512 -63 -10614
513 -64 -10797
514 -65 -10980
515 -66 -11163
516 -67 -11346
517 -68 -11529
518 -69 -11712
519 -70 -11895
520 -71 -12078
521 -72 -12261
522 -73 -12444
523 -74 -12627
524 -75 -12810
525 -74 -12993
526 -73 -13196
527 -72 -13417
528 -71 -13592
529 -70 -13655
530 -69 -13592
531 -68 -13417
532 -67 -13196
533 -66 -12993
534 -65 -12810
535 -64 -12627
536 -63 -12444
537 -62 -12261
538 -61 -12078
539 -60 -11895
540 -59 -11712
541 -58 -11529
542 -57 -11346
543 -56 -11163
544 -55 -10980
545 -54 -10797
546 -53 -10614
547 -52 -10431
548 -51 -10248
549 -50 -10065
550 -49 -9882
551 -48 -9699
552 -47 -9516
553 -46 -9333
554 -45 -9150
555 -44 -8967
556 -43 -8784
557 -42 -8601
558 -41 -8418
559 -40 -8235
560 -39 -8052
561 -38 -7869
562 -37 -7686
563 -36 -7503
564 -35 -7320
565 -34 -7137
566 -33 -6954
567 -32 -6771
568 -31 -6588
569 -30 -6405
570 -29 -6222
571 -28 -6039
572 -27 -5856
573 -26 -5673
574 -25 -5490
575 -24 -5307
576 -23 -5124
577 -22 -4941
578 -21 -4758
579 -20 -4575
580 -19 -4392
581 -18 -4209
582 -17 -4026
583 -16 -3843
584 -15 -3660
585 -14 -3477
586 -13 -3294
587 -12 -3111
588 -11 -2928
589 -10 -2745
590 -9 -2562
591 -8 -2379
592 -7 -2196
593 -6 -2013
594 -5 -1830
595 -4 -1647
596 -3 -1464
597 -2 -1281
598 -1 -1098
599 0 -915
600 1 -732
601 2 -549
602 3 -366
603 4 -183
604 5 0
605 6 183
606 7 366
607 8 549
608 9 732
609 10 915
610 11 1098
611 12 1281
612 13 1464
613 14 1647
614 15 1830
615 16 2013
616 17 2196
617 18 2379
618 19 2562
619 20 2745
620 21 2928
621 22 3111
622 23 3294
623 24 3477
624 25 3660
625 26 3843
626 27 4026
627 28 4209
628 29 4392
629 30 4575
630 31 4758
631 32 4941
632 33 5124
633 34 5307
634 35 5490
635 36 5673
636 37 5856
637 38 6039
638 39 6222
639 40 6405
640 41 6588
641 42 6771
642 43 6954
643 44 7137
644 45 7320
645 46 7503
646 47 7686
647 48 7869
648 49 8052
649 50 8235
650 51 8418
651 52 8601
652 53 8784
653 54 8967
654 55 9150
655 56 9333
656 57 9516
657 58 9699
658 59 9882
659 60 10065
660 61 10248
661 62 10431
662 63 10614
663 64 10797
664 65 10980
665 66 11163
666 67 11346
667 68 11529
668 69 11712
669 70 11895
670 71 12078
671 72 12261
672 73 12444
673 74 12627
674 75 12810
675 74 12993
676 73 13196
677 72 13417
678 71 13592
679 70 13655
680 69 13592
681 68 13417
682 67 13196
683 66 12993
684 65 12810
685 64 12627
686 63 12444
687 62 12261
688 61 12078
689 60 11895
690 59 11712
691 58 11529
692 57 11346
693 56 11163
694 55 10980
695 54 10797
696 53 10614
697 52 10431
698 51 10248
699 50 10065
700 49 9882
701 48 9699
702 47 9516
703 46 9333
704 45 9150
705 44 8967
706 43 8784
707 42 8601
708 41 8418
709 40 8235
710 39 8052
711 38 7869
712 37 7686
713 36 7503
714 35 7320
715 34 7137
716 33 6954
717 32 6771
718 31 6588
719 30 6405
720 29 6222
721 28 6039
722 27 5856
723 26 5673
724 25 5490
725 24 5307
726 23 5124
727 22 4941
728 21 4758
729 20 4575
730 19 4392
731 18 4209
732 17 4026
733 16 3843
734 15 3660
735 14 3477
736 13 3294
737 12 3111
738 11 2928
739 10 2745
740 9 2562
741 8 2379
742 7 2196
743 6 2013
744 5 1830
745 4 1647
746 3 1464
747 2 1281
748 1 1098
749 0 915
750 -1 732
751 -2 549
752 -3 366
753 -4 183
754 -5 0
755 -6 -183
756 -7 -366
757 -8 -549
758 -9 -732
759 -10 -915
760 -11 -1098
761 -12 -1281
762 -13 -1464
763 -14 -1647
764 -15 -1830
765 -16 -2013
766 -17 -2196
767 -18 -2379
768 -19 -2562
769 -20 -2745
770 -21 -2928
771 -22 -3111
772 -23 -3294
773 -24 -3477
774 -25 -3660
775 -26 -3843
776 -27 -4026
777 -28 -4209
778 -29 -4392
779 -30 -4575
780 -31 -4758
781 -32 -4941
782 -33 -5124
783 -34 -5307
784 -35 -5490
785 -36 -5673
786 -37 -5856
787 -38 -6039
788 -39 -6222
789 -40 -6405
790 -41 -6588
791 -42 -6771
792 -43 -6954
793 -44 -7137
794 -45 -7320
795 -46 -7503
796 -47 -7686
797 -48 -7869
798 -49 -8052
799 -50 -8235
800 -51 -8418
801 -52 -8601
802 -53 -8784
803 -54 -8967
804 -55 -9150
805 -56 -9333
806 -57 -9516
807 -58 -9699
808 -59 -9882
809 -60 -10065
810 -61 -10248
811 -62 -10431
812 -63 -10614
813 -64 -10797
814 -65 -10980
815 -66 -11163
816 -67 -11346
817 -68 -11529
818 -69 -11712
819 -70 -11895
820 -71 -12078
821 -72 -12261
822 -73 -12444
823 -74 -12627
824 -75 -12810
825 -74 -12993
826 -73 -13196
827 -72 -13417
828 -71 -13592
829 -70 -13655
830 -69 -13592
831 -68 -13417
832 -67 -13196
833 -66 -12993
834 -65 -12810
835 -64 -12627
836 -63 -12444
837 -62 -12261
838 -61 -12078
839 -60 -11895
840 -59 -11712
841 -58 -11529
842 -57 -11346
843 -56 -11163
844 -55 -10980
845 -54 -10797
846 -53 -10614
847 -52 -10431
848 -51 -10248
849 -50 -10065
850 -49 -9882
851 -48 -9699
852 -47 -9516
853 -46 -9333
854 -45 -9150
855 -44 -8967
856 -43 -8784
857 -42 -8601
858 -41 -8418
859 -40 -8235
860 -39 -8052
861 -38 -7869
862 -37 -7686
863 -36 -7503
864 -35 -7320
865 -34 -7137
866 -33 -6954
867 -32 -6771
868 -31 -6588
869 -30 -6405
870 -29 -6222
871 -28 -6039
872 -27 -5856
873 -26 -5673
874 -25 -5490
875 -24 -5307
876 -23 -5124
877 -22 -4941
878 -21 -4758
879 -20 -4575
880 -19 -4392
881 -18 -4209
882 -17 -4026
883 -16 -3843
884 -15 -3660
885 -14 -3477
886 -13 -3294
887 -12 -3111
888 -11 -2928
889 -10 -2745
890 -9 -2562
891 -8 -2379
892 -7 -2196
893 -6 -2013
894 -5 -1830
895 -4 -1647
896 -3 -1464
897 -2 -1281
898 -1 -1098
899 0 -915
900 1 -732
901 2 -549
902 3 -366
903 4 -183
904 5 0
905 6 183
906 7 366
907 8 549
908 9 732
909 10 915
910 11 1098
911 12 1281
912 13 1464
913 14 1647
914 15 1830
915 16 2013
916 17 2196
917 18 2379
918 19 2562
919 20 2745
920 21 2928
921 22 3111
922 23 3294
923 24 3477
924 25 3660
925 26 3843
926 27 4026
927 28 4209
928 29 4392
929 30 4575
930 31 4758
931 32 4941
932 33 5124
933 34 5307
934 35 5490
935 36 5673
936 37 5856
937 38 6039
938 39 6222
939 40 6405
940 41 6588
941 42 6771
942 43 6954
943 44 7137
944 45 7320
945 46 7503
946 47 7686
947 48 7869
948 49 8052
949 50 8235
950 51 8418
951 52 8601
952 53 8784
953 54 8967
954 55 9150
955 56 9333
956 57 9516
957 58 9699
958 59 9882
959 60 10065
960 61 10248
961 62 10431
962 63 10614
963 64 10797
964 65 10980
965 66 11163
966 67 11346
967 68 11529
968 69 11712
969 70 11895
970 71 12078
971 72 12261
972 73 12444
973 74 12627
974 75 12810
975 74 12993
976 73 13196
977 72 13417
978 71 13592
979 70 13655
980 69 13592
981 68 13417
982 67 13196
983 66 12993
984 65 12810
985 64 12627
986 63 12444
987 62 12261
988 61 12078
989 60 11895
990 59 11712
991 58 11529
992 57 11346
993 56 11163
994 55 10980
995 54 10797
996 53 10614
997 52 10431
998 51 10248
999 50 10065
1000 49 9882
1001 48 9699
1002 47 9516
1003 46 9333
1004 45 9150
1005 44 8967
1006 43 8784
1007 42 8601
1008 41 8418
1009 40 8235
1010 39 8052
1011 38 7869
1012 37 7686
1013 36 7503
1014 35 7320
1015 34 7137
1016 33 6954
1017 32 6771
1018 31 6588
1019 30 6405
1020 29 6222
1021 28 6039
1022 27 5856
1023 26 5673
1024 25 5490
1025 24 5307
1026 23 5124
1027 22 4941
1028 21 4758
1029 20 4575
1030 19 4392
1031 18 4209
1032 17 4026
1033 16 3843
1034 15 3660
1035 14 3477
1036 13 3294
1037 12 3111
1038 11 2928
1039 10 2745
1040 9 2562
1041 8 2379
1042 7 2196
1043 6 2013
1044 5 1830
1045 4 1647
1046 3 1464
1047 2 1281
1048 1 1098
1049 0 915
1050 -1 732
1051 -2 549
1052 -3 366
1053 -4 183
1054 -5 0
1055 -6 -183
1056 -7 -366
1057 -8 -549
1058 -9 -732
1059 -10 -915
1060 -11 -1098
1061 -12 -1281
1062 -13 -1464
1063 -14 -1647
1064 -15 -1830
1065 -16 -2013
1066 -17 -2196
1067 -18 -2379
1068 -19 -2562
1069 -20 -2745
1070 -21 -2928
1071 -22 -3111
1072 -23 -3294
1073 -24 -3477
1074 -25 -3660
1075 -26 -3843
1076 -27 -4026
1077 -28 -4209
1078 -29 -4392
1079 -30 -4575
1080 -31 -4758
1081 -32 -4941
1082 -33 -5124
1083 -34 -5307
1084 -35 -5490
1085 -36 -5673
1086 -37 -5856
1087 -38 -6039
1088 -39 -6222
1089 -40 -6405
1090 -41 -6588
1091 -42 -6771
1092 -43 -6954
1093 -44 -7137
1094 -45 -7320
1095 -46 -7503
1096 -47 -7686
1097 -48 -7869
1098 -49 -8052
1099 -50 -8235
1100 -51 -8418
1101 -52 -8601
1102 -53 -8784
1103 -54 -8967
1104 -55 -9150
1105 -56 -9333
1106 -57 -9516
1107 -58 -9699
1108 -59 -9882
1109 -60 -10065
1110 -61 -10248
1111 -62 -10431
1112 -63 -10614
1113 -64 -10797
1114 -65 -10980
1115 -66 -11163
1116 -67 -11346
1117 -68 -11529
1118 -69 -11712
1119 -70 -11895
1120 -71 -12078
1121 -72 -12261
1122 -73 -12444
1123 -74 -12627
1124 -75 -12810
1125 -74 -12993
1126 -73 -13196
1127 -72 -13417
1128 -71 -13592
1129 -70 -13655
1130 -69 -13592
1131 -68 -13417
1132 -67 -13196
1133 -66 -12993
1134 -65 -12810
1135 -64 -12627
1136 -63 -12444
1137 -62 -12261
1138 -61 -12078
1139 -60 -11895
1140 -59 -11712
1141 -58 -11529
1142 -57 -11346
1143 -56 -11163
1144 -55 -10980
1145 -54 -10797
1146 -53 -10614
1147 -52 -10431
1148 -51 -10248
1149 -50 -10065
1150 -49 -9882
1151 -48 -9699
1152 -47 -9516
1153 -46 -9333
1154 -45 -9150
1155 -44 -8967
1156 -43 -8784
1157 -42 -8601
1158 -41 -8418
1159 -40 -8235
1160 -39 -8052
1161 -38 -7869
1162 -37 -7686
1163 -36 -7503
1164 -35 -7320
1165 -34 -7137
1166 -33 -6954
1167 -32 -6771
1168 -31 -6588
1169 -30 -6405
1170 -29 -6222
1171 -28 -6039
1172 -27 -5856
1173 -26 -5673
1174 -25 -5490
1175 -24 -5307
1176 -23 -5124
1177 -22 -4941
1178 -21 -4758
1179 -20 -4575
1180 -19 -4392
1181 -18 -4209
1182 -17 -4026
1183 -16 -3843
1184 -15 -3660
1185 -14 -3477
1186 -13 -3294
1187 -12 -3111
1188 -11 -2928
1189 -10 -2745
1190 -9 -2562
1191 -8 -2379
1192 -7 -2196
1193 -6 -2013
1194 -5 -1830
1195 -4 -1647
1196 -3 -1464
1197 -2 -1281
1198 -1 -1098
1199 0 -915
1200 1 -732
1201 2 -549
1202 3 -366
1203 4 -183
1204 5 0
1205 6 183
1206 7 366
1207 8 549
1208 9 732
1209 10 915
1210 11 1098
1211 12 1281
1212 13 1464
1213 14 1647
1214 15 1830
1215 16 2013
1216 17 2196
1217 18 2379
1218 19 2562
1219 20 2745
1220 21 2928
1221 22 3111
1222 23 3294
1223 24 3477
1224 25 3660
1225 26 3843
1226 27 4026
1227 28 4209
1228 29 4392
1229 30 4575
1230 31 4758
1231 32 4941
1232 33 5124
1233 34 5307
1234 35 5490
1235 36 5673
1236 37 5856
1237 38 6039
1238 39 6222
1239 40 6405
1240 41 6588
1241 42 6771
1242 43 6954
1243 44 7137
1244 45 7320
1245 46 7503
1246 47 7686
1247 48 7869
1248 49 8052
1249 50 8235
1250 51 8418
1251 52 8601
1252 53 8784
1253 54 8967
1254 55 9150
1255 56 9333
1256 57 9516
1257 58 9699
1258 59 9882
1259 60 10065
1260 61 10248
1261 62 10431
1262 63 10614
1263 64 10797
1264 65 10980
1265 66 11163
1266 67 11346
1267 68 11529
1268 69 11712
1269 70 11895
1270 71 12078
1271 72 12261
1272 73 12444
1273 74 12627
1274 75 12810
1275 74 12993
1276 73 13196
1277 72 13417
1278 71 13592
1279 70 13655
1280 69 13592
1281 68 13417
1282 67 13196
1283 66 12993
1284 65 12810
1285 64 12627
1286 63 12444
1287 62 12261
1288 61 12078
1289 60 11895
1290 59 11712
1291 58 11529
1292 57 11346
1293 56 11163
1294 55 10980
1295 54 10797
1296 53 10614
1297 52 10431
1298 51 10248
1299 50 10065
1300 49 9882
1301 48 9699
1302 47 9516
1303 46 9333
1304 45 9150
1305 44 8967
1306 43 8784
1307 42 8601
1308 41 8418
1309 40 8235
1310 39 8052
1311 38 7869
1312 37 7686
1313 36 7503
1314 35 7320
1315 34 7137
1316 33 6954
1317 32 6771
1318 31 6588
1319 30 6405
1320 29 6222
1321 28 6039
1322 27 5856
1323 26 5673
1324 25 5490
1325 24 5307
1326 23 5124
1327 22 4941
1328 21 4758
1329 20 4575
1330 19 4392
1331 18 4209
1332 17 4026
1333 16 3843
1334 15 3660
1335 14 3477
1336 13 3294
1337 12 3111
1338 11 2928
1339 10 2745
1340 9 2562
1341 8 2379
1342 7 2196
1343 6 2013
1344 5 1830
1345 4 1647
1346 3 1464
1347 2 1281
1348 1 1098
1349 0 915
1350 -1 732
1351 -2 549
1352 -3 366
1353 -4 183
1354 -5 0
1355 -6 -183
1356 -7 -366
1357 -8 -549
1358 -9 -732
1359 -10 -915
1360 -11 -1098
1361 -12 -1281
1362 -13 -1464
1363 -14 -1647
1364 -15 -1830
1365 -16 -2013
1366 -17 -2196
1367 -18 -2379
1368 -19 -2562
1369 -20 -2745
1370 -21 -2928
1371 -22 -3111
1372 -23 -3294
1373 -24 -3477
1374 -25 -3660
1375 -26 -3843
1376 -27 -4026
1377 -28 -4209
1378 -29 -4392
1379 -30 -4575
1380 -31 -4758
1381 -32 -4941
1382 -33 -5124
1383 -34 -5307
1384 -35 -5490
1385 -36 -5673
1386 -37 -5856
1387 -38 -6039
1388 -39 -6222
1389 -40 -6405
1390 -41 -6588
1391 -42 -6771
1392 -43 -6954
1393 -44 -7137
1394 -45 -7320
1395 -46 -7503
1396 -47 -7686
1397 -48 -7869
1398 -49 -8052
1399 -50 -8235
1400 -51 -8418
1401 -52 -8601
1402 -53 -8784
1403 -54 -8967
1404 -55 -9150
1405 -56 -9333
1406 -57 -9516
1407 -58 -9699
1408 -59 -9882
1409 -60 -10065
1410 -61 -10248
1411 -62 -10431
1412 -63 -10614
1413 -64 -10797
1414 -65 -10980
1415 -66 -11163
1416 -67 -11346
1417 -68 -11529
1418 -69 -11712
1419 -70 -11895
1420 -71 -12078
1421 -72 -12261
1422 -73 -12444
1423 -74 -12627
1424 -75 -12810
1425 -74 -12993
1426 -73 -13196
1427 -72 -13417
1428 -71 -13592
1429 -70 -13655
1430 -69 -13592
1431 -68 -13417
1432 -67 -13196
1433 -66 -12993
1434 -65 -12810
1435 -64 -12627
1436 -63 -12444
1437 -62 -12261
1438 -61 -12078
1439 -60 -11895
1440 -59 -11712
1441 -58 -11529
1442 -57 -11346
1443 -56 -11163
1444 -55 -10980
1445 -54 -10797
1446 -53 -10614
1447 -52 -10431
1448 -51 -10248
1449 -50 -10065
1450 -49 -9882
1451 -48 -9699
1452 -47 -9516
1453 -46 -9333
1454 -45 -9150
1455 -44 -8967
1456 -43 -8784
1457 -42 -8601
1458 -41 -8418
1459 -40 -8235
1460 -39 -8052
1461 -38 -7869
1462 -37 -7686
1463 -36 -7503
1464 -35 -7320
1465 -34 -7137
1466 -33 -6954
1467 -32 -6771
1468 -31 -6588
1469 -30 -6405
1470 -29 -6222
1471 -28 -6039
1472 -27 -5856
1473 -26 -5673
1474 -25 -5490
1475 -24 -5307
1476 -23 -5124
1477 -22 -4941
1478 -21 -4758
1479 -20 -4575
1480 -19 -4392
1481 -18 -4209
1482 -17 -4026
1483 -16 -3843
1484 -15 -3660
1485 -14 -3477
1486 -13 -3294
1487 -12 -3111
1488 -11 -2928
1489 -10 -2745
1490 -9 -2562
1491 -8 -2379
1492 -7 -2196
1493 -6 -2013
1494 -5 -1830
1495 -4 -1647
1496 -3 -1464
1497 -2 -1281
1498 -1 -1098
1499 0 -915
1500 1 -732
1501 2 -549
1502 3 -366
1503 4 -183
1504 5 0
1505 6 183
1506 7 366
1507 8 549
1508 9 732
1509 10 915
1510 11 1098
1511 12 1281
1512 13 1464
1513 14 1647
1514 15 1830
1515 16 2013
1516 17 2196
1517 18 2379
1518 19 2562
1519 20 2745
1520 21 2928
1521 22 3111
1522 23 3294
1523 24 3477
1524 25 3660
1525 26 3843
1526 27 4026
1527 28 4209
1528 29 4392
1529 30 4575
1530 31 4758
1531 32 4941
1532 33 5124
1533 34 5307
1534 35 5490
1535 36 5673
1536 37 5856
1537 38 6039
1538 39 6222
1539 40 6405
1540 41 6588
1541 42 6771
1542 43 6954
1543 44 7137
1544 45 7320
1545 46 7503
1546 47 7686
1547 48 7869
1548 49 8052
1549 50 8235
1550 51 8418
1551 52 8601
1552 53 8784
1553 54 8967
1554 55 9150
1555 56 9333
1556 57 9516
1557 58 9699
1558 59 9882
1559 60 10065
1560 61 10248
1561 62 10431
1562 63 10614
1563 64 10797
1564 65 10980
1565 66 11163
1566 67 11346
1567 68 11529
1568 69 11712
1569 70 11895
1570 71 12078
1571 72 12261
1572 73 12444
1573 74 12627
1574 75 12810
1575 74 12993
1576 73 13196
1577 72 13417
1578 71 13592
1579 70 13655
1580 69 13592
1581 68 13417
1582 67 13196
1583 66 12993
1584 65 12810
1585 64 12627
1586 63 12444
1587 62 12261
1588 61 12078
1589 60 11895
1590 59 11712
1591 58 11529
1592 57 11346
1593 56 11163
1594 55 10980
1595 54 10797
1596 53 10614
1597 52 10431
1598 51 10248
1599 50 10065
1600 49 9882
1601 48 9699
1602 47 9516
1603 46 9333
1604 45 9150
1605 44 8967
1606 43 8784
1607 42 8601
1608 41 8418
1609 40 8235
1610 39 8052
1611 38 7869
1612 37 7686
1613 36 7503
1614 35 7320
1615 34 7137
1616 33 6954
1617 32 6771
1618 31 6588
1619 30 6405
1620 29 6222
1621 28 6039
1622 27 5856
1623 26 5673
1624 25 5490
1625 24 5307
1626 23 5124
1627 22 4941
1628 21 4758
1629 20 4575
1630 19 4392
1631 18 4209
1632 17 4026
1633 16 3843
1634 15 3660
1635 14 3477
1636 13 3294
1637 12 3111
1638 11 2928
1639 10 2745
1640 9 2562
1641 8 2379
1642 7 2196
1643 6 2013
1644 5 1830
1645 4 1647
1646 3 1464
1647 2 1281
1648 1 1098
1649 0 915
1650 -1 732
1651 -2 549
1652 -3 366
1653 -4 183
1654 -5 0
1655 -6 -183
1656 -7 -366
1657 -8 -549
1658 -9 -732
1659 -10 -915
1660 -11 -1098
1661 -12 -1281
1662 -13 -1464
1663 -14 -1647
1664 -15 -1830
1665 -16 -2013
1666 -17 -2196
1667 -18 -2379
1668 -19 -2562
1669 -20 -2745
1670 -21 -2928
1671 -22 -3111
1672 -23 -3294
1673 -24 -3477
1674 -25 -3660
1675 -26 -3843
1676 -27 -4026
1677 -28 -4209
1678 -29 -4392
1679 -30 -4575
1680 -31 -4758
1681 -32 -4941
1682 -33 -5124
1683 -34 -5307
1684 -35 -5490
1685 -36 -5673
1686 -37 -5856
1687 -38 -6039
1688 -39 -6222
1689 -40 -6405
1690 -41 -6588
1691 -42 -6771
1692 -43 -6954
1693 -44 -7137
1694 -45 -7320
1695 -46 -7503
1696 -47 -7686
1697 -48 -7869
1698 -49 -8052
1699 -50 -8235
1700 -51 -8418
1701 -52 -8601
1702 -53 -8784
1703 -54 -8967
1704 -55 -9150
1705 -56 -9333
1706 -57 -9516
1707 -58 -9699
1708 -59 -9882
1709 -60 -10065
1710 -61 -10248
1711 -62 -10431
1712 -63 -10614
1713 -64 -10797
1714 -65 -10980
1715 -66 -11163
1716 -67 -11346
1717 -68 -11529
1718 -69 -11712
1719 -70 -11895
1720 -71 -12078
1721 -72 -12261
1722 -73 -12444
1723 -74 -12627
1724 -75 -12810
1725 -74 -12993
1726 -73 -13196
1727 -72 -13417
1728 -71 -13592
1729 -70 -13655
1730 -69 -13592
1731 -68 -13417
1732 -67 -13196
1733 -66 -12993
1734 -65 -12810
1735 -64 -12627
1736 -63 -12444
1737 -62 -12261
1738 -61 -12078
1739 -60 -11895
1740 -59 -11712
1741 -58 -11529
1742 -57 -11346
1743 -56 -11163
1744 -55 -10980
1745 -54 -10797
1746 -53 -10614
1747 -52 -10431
1748 -51 -10248
1749 -50 -10065
1750 -49 -9882
1751 -48 -9699
1752 -47 -9516
1753 -46 -9333
1754 -45 -9150
1755 -44 -8967
1756 -43 -8784
1757 -42 -8601
1758 -41 -8418
1759 -40 -8235
1760 -39 -8052
1761 -38 -7869
1762 -37 -7686
1763 -36 -7503
1764 -35 -7320
1765 -34 -7137
1766 -33 -6954
1767 -32 -6771
1768 -31 -6588
1769 -30 -6405
1770 -29 -6222
1771 -28 -6039
1772 -27 -5856
1773 -26 -5673
1774 -25 -5490
1775 -24 -5307
1776 -23 -5124
1777 -22 -4941
1778 -21 -4758
1779 -20 -4575
1780 -19 -4392
1781 -18 -4209
1782 -17 -4026
1783 -16 -3843
1784 -15 -3660
1785 -14 -3477
1786 -13 -3294
1787 -12 -3111
1788 -11 -2928
1789 -10 -2745
1790 -9 -2562
1791 -8 -2379
1792 -7 -2196
1793 -6 -2013
1794 -5 -1830
1795 -4 -1647
1796 -3 -1464
1797 -2 -1281
1798 -1 -1098
1799 0 -915
1800 1 -732
1801 2 -549
1802 3 -366
1803 4 -183
1804 5 0
1805 6 183
1806 7 366
1807 8 549
1808 9 732
1809 10 915
1810 11 1098
1811 12 1281
1812 13 1464
1813 14 1647
1814 15 1830
1815 16 2013
1816 17 2196
1817 18 2379
1818 19 2562
1819 20 2745
1820 21 2928
1821 22 3111
1822 23 3294
1823 24 3477
1824 25 3660
1825 26 3843
1826 27 4026
1827 28 4209
1828 29 4392
1829 30 4575
1830 31 4758
1831 32 4941
1832 33 5124
1833 34 5307
1834 35 5490
1835 36 5673
1836 37 5856
1837 38 6039
1838 39 6222
1839 40 6405
1840 41 6588
1841 42 6771
1842 43 6954
1843 44 7137
1844 45 7320
1845 46 7503
1846 47 7686
1847 48 7869
1848 49 8052
1849 50 8235
1850 51 8418
1851 52 8601
1852 53 8784
1853 54 8967
1854 55 9150
1855 56 9333
1856 57 9516
1857 58 9699
1858 59 9882
1859 60 10065
1860 61 10248
1861 62 10431
1862 63 10614
1863 64 10797
1864 65 10980
1865 66 11163
1866 67 11346
1867 68 11529
1868 69 11712
1869 70 11895
1870 71 12078
1871 72 12261
1872 73 12444
1873 74 12627
1874 75 12810
1875 74 12993
1876 73 13196
1877 72 13417
1878 71 13592
1879 70 13655
1880 69 13592
1881 68 13417
1882 67 13196
1883 66 12993
1884 65 12810
1885 64 12627
1886 63 12444
1887 62 12261
1888 61 12078
1889 60 11895
1890 59 11712
1891 58 11529
1892 57 11346
1893 56 11163
1894 55 10980
1895 54 10797
1896 53 10614
1897 52 10431
1898 51 10248
1899 50 10065
1900 49 9882
1901 48 9699
1902 47 9516
1903 46 9333
1904 45 9150
1905 44 8967
1906 43 8784
1907 42 8601
1908 41 8418
1909 40 8235
1910 39 8052
1911 38 7869
1912 37 7686
1913 36 7503
1914 35 7320
1915 34 7137
1916 33 6954
1917 32 6771
1918 31 6588
1919 30 6405
1920 29 6222
1921 28 6039
1922 27 5856
1923 26 5673
1924 25 5490
1925 24 5307
1926 23 5124
1927 22 4941
1928 21 4758
1929 20 4575
1930 19 4392
1931 18 4209
1932 17 4026
1933 16 3843
1934 15 3660
1935 14 3477
1936 13 3294
1937 12 3111
1938 11 2928
1939 10 2745
1940 9 2562
1941 8 2379
1942 7 2196
1943 6 2013
1944 5 1830
1945 4 1647
1946 3 1464
1947 2 1281
1948 1 1098
1949 0 915
1950 -1 732
1951 -2 549
1952 -3 366
1953 -4 183
1954 -5 0
1955 -6 -183
1956 -7 -366
1957 -8 -549
1958 -9 -732
1959 -10 -915
1960 -11 -1098
1961 -12 -1281
1962 -13 -1464
1963 -14 -1647
1964 -15 -1830
1965 -16 -2013
1966 -17 -2196
1967 -18 -2379
1968 -19 -2562
1969 -20 -2745
1970 -21 -2928
1971 -22 -3111
1972 -23 -3294
1973 -24 -3477
1974 -25 -3660
1975 -26 -3843
1976 -27 -4026
1977 -28 -4209
1978 -29 -4392
1979 -30 -4575
1980 -31 -4758
1981 -32 -4941
1982 -33 -5124
1983 -34 -5307
1984 -35 -5490
1985 -36 -5673
1986 -37 -5856
1987 -38 -6039
1988 -39 -6222
1989 -40 -6405
1990 -41 -6588
1991 -42 -6771
1992 -43 -6954
1993 -44 -7137
1994 -45 -7320
1995 -46 -7503
1996 -47 -7686
1997 -48 -7869
1998 -49 -8052
1999 -50 -8235
2000 -51 -8418
2001 -52 -8601
2002 -53 -8784
2003 -54 -8967
2004 -55 -9150
2005 -56 -9333
2006 -57 -9516
2007 -58 -9699
2008 -59 -9882
2009 -60 -10065
2010 -61 -10248
2011 -62 -10431
2012 -63 -10614
2013 -64 -10797
2014 -65 -10980
2015 -66 -11163
2016 -67 -11346
2017 -68 -11529
2018 -69 -11712
2019 -70 -11895
2020 -71 -12078
2021 -72 -12261
2022 -73 -12444
2023 -74 -12627
2024 -75 -12810
2025 -74 -12993
2026 -73 -13196
2027 -72 -13417
2028 -71 -13592
2029 -70 -13655
2030 -69 -13592
2031 -68 -13417
2032 -67 -13196
2033 -66 -12993
2034 -65 -12810
2035 -64 -12627
2036 -63 -12444
2037 -62 -12261
2038 -61 -12078
2039 -60 -11895
2040 -59 -11712
2041 -58 -11529
2042 -57 -11346
2043 -56 -11163
2044 -55 -10980
2045 -54 -10797
2046 -53 -10614
2047 -52 -10431
2048 -51 -10248
2049 -50 -10065
2050 -49 -9882
2051 -48 -9699
2052 -47 -9516
2053 -46 -9333
2054 -45 -9150
2055 -44 -8967
2056 -43 -8784
2057 -42 -8601
2058 -41 -8418
2059 -40 -8235
2060 -39 -8052
2061 -38 -7869
2062 -37 -7686
2063 -36 -7503
2064 -35 -7320
2065 -34 -7137
2066 -33 -6954
2067 -32 -6771
2068 -31 -6588
2069 -30 -6405
2070 -29 -6222
2071 -28 -6039
2072 -27 -5856
2073 -26 -5673
2074 -25 -5490
2075 -24 -5307
2076 -23 -5124
2077 -22 -4941
2078 -21 -4758
2079 -20 -4575
2080 -19 -4392
2081 -18 -4209
2082 -17 -4026
2083 -16 -3843
2084 -15 -3660
2085 -14 -3477
2086 -13 -3294
2087 -12 -3111
2088 -11 -2928
2089 -10 -2745
2090 -9 -2562
2091 -8 -2379
2092 -7 -2196
2093 -6 -2013
2094 -5 -1830
2095 -4 -1647
2096 -3 -1464
2097 -2 -1281
2098 -1 -1098
2099 0 -915
2100 1 -732
2101 2 -549
2102 3 -366
2103 4 -183
2104 5 0
2105 6 183
2106 7 366
2107 8 549
2108 9 732
2109 10 915
2110 11 1098
2111 12 1281
2112 13 1464
2113 14 1647
2114 15 1830
2115 16 2013
2116 17 2196
2117 18 2379
2118 19 2562
2119 20 2745
2120 21 2928
2121 22 3111
2122 23 3294
2123 24 3477
2124 25 3660
2125 26 3843
2126 27 4026
2127 28 4209
2128 29 4392
2129 30 4575
2130 31 4758
2131 32 4941
2132 33 5124
2133 34 5307
2134 35 5490
2135 36 5673
2136 37 5856
2137 38 6039
2138 39 6222
2139 40 6405
2140 41 6588
2141 42 6771
2142 43 6954
2143 44 7137
2144 45 7320
2145 46 7503
2146 47 7686
2147 48 7869
2148 49 8052
2149 50 8235
2150 51 8418
2151 52 8601
2152 53 8784
2153 54 8967
2154 55 9150
2155 56 9333
2156 57 9516
2157 58 9699
2158 59 9882
2159 60 10065
2160 61 10248
2161 62 10431
2162 63 10614
2163 64 10797
2164 65 10980
2165 66 11163
2166 67 11346
2167 68 11529
2168 69 11712
2169 70 11895
2170 71 12078
2171 72 12261
2172 73 12444
2173 74 12627
2174 75 12810
2175 74 12993
2176 73 13196
2177 72 13417
2178 71 13592
2179 70 13655
2180 69 13592
2181 68 13417
2182 67 13196
2183 66 12993
2184 65 12810
2185 64 12627
2186 63 12444
2187 62 12261
2188 61 12078
2189 60 11895
2190 59 11712
2191 58 11529
2192 57 11346
2193 56 11163
2194 55 10980
2195 54 10797
2196 53 10614
2197 52 10431
2198 51 10248
2199 50 10065
2200 49 9882
2201 48 9699
2202 47 9516
2203 46 9333
2204 45 9150
2205 44 8967
2206 43 8784
2207 42 8601
2208 41 8418
2209 40 8235
2210 39 8052
2211 38 7869
2212 37 7686
2213 36 7503
2214 35 7320
2215 34 7137
2216 33 6954
2217 32 6771
2218 31 6588
2219 30 6405
2220 29 6222
2221 28 6039
2222 27 5856
2223 26 5673
2224 25 5490
2225 24 5307
2226 23 5124
2227 22 4941
2228 21 4758
2229 20 4575
2230 19 4392
2231 18 4209
2232 17 4026
2233 16 3843
2234 15 3660
2235 14 3477
2236 13 3294
2237 12 3111
2238 11 2928
2239 10 2745
2240 9 2562
2241 8 2379
2242 7 2196
2243 6 2013
2244 5 1830
2245 4 1647
2246 3 1464
2247 2 1281
2248 1 1098
2249 0 915
2250 -1 732
2251 -2 549
2252 -3 366
2253 -4 183
2254 -5 0
2255 -6 -183
2256 -7 -366
2257 -8 -549
2258 -9 -732
2259 -10 -915
2260 -11 -1098
2261 -12 -1281
2262 -13 -1464
2263 -14 -1647
2264 -15 -1830
2265 -16 -2013
2266 -17 -2196
2267 -18 -2379
2268 -19 -2562
2269 -20 -2745
2270 -21 -2928
2271 -22 -3111
2272 -23 -3294
2273 -24 -3477
2274 -25 -3660
2275 -26 -3843
2276 -27 -4026
2277 -28 -4209
2278 -29 -4392
2279 -30 -4575
2280 -31 -4758
2281 -32 -4941
2282 -33 -5124
2283 -34 -5307
2284 -35 -5490
2285 -36 -5673
2286 -37 -5856
2287 -38 -6039
2288 -39 -6222
2289 -40 -6405
2290 -41 -6588
2291 -42 -6771
2292 -43 -6954
2293 -44 -7137
2294 -45 -7320
2295 -46 -7503
2296 -47 -7686
2297 -48 -7869
2298 -49 -8052
2299 -50 -8235
2300 -51 -8418
2301 -52 -8601
2302 -53 -8784
2303 -54 -8967
2304 -55 -9150
2305 -56 -9333
2306 -57 -9516
2307 -58 -9699
2308 -59 -9882
2309 -60 -10065
2310 -61 -10248
2311 -62 -10431
2312 -63 -10614
2313 -64 -10797
2314 -65 -10980
2315 -66 -11163
2316 -67 -11346
2317 -68 -11529
2318 -69 -11712
2319 -70 -11895
2320 -71 -12078
2321 -72 -12261
2322 -73 -12444
2323 -74 -12627
2324 -75 -12810
2325 -74 -12993
2326 -73 -13196
2327 -72 -13417
2328 -71 -13592
2329 -70 -13655
2330 -69 -13592
2331 -68 -13417
2332 -67 -13196
2333 -66 -12993
2334 -65 -12810
2335 -64 -12627
2336 -63 -12444
2337 -62 -12261
2338 -61 -12078
2339 -60 -11895
2340 -59 -11712
2341 -58 -11529
2342 -57 -11346
2343 -56 -11163
2344 -55 -10980
2345 -54 -10797
2346 -53 -10614
2347 -52 -10431
2348 -51 -10248
2349 -50 -10065
2350 -49 -9882
2351 -48 -9699
2352 -47 -9516
2353 -46 -9333
2354 -45 -9150
2355 -44 -8967
2356 -43 -8784
2357 -42 -8601
2358 -41 -8418
2359 -40 -8235
2360 -39 -8052
2361 -38 -7869
2362 -37 -7686
2363 -36 -7503
2364 -35 -7320
2365 -34 -7137
2366 -33 -6954
2367 -32 -6771
2368 -31 -6588
2369 -30 -6405
2370 -29 -6222
2371 -28 -6039
2372 -27 -5856
2373 -26 -5673
2374 -25 -5490
2375 -24 -5307
2376 -23 -5124
2377 -22 -4941
2378 -21 -4758
2379 -20 -4575
2380 -19 -4392
2381 -18 -4209
2382 -17 -4026
2383 -16 -3843
2384 -15 -3660
2385 -14 -3477
2386 -13 -3294
2387 -12 -3111
2388 -11 -2928
2389 -10 -2745
2390 -9 -2562
2391 -8 -2379
2392 -7 -2196
2393 -6 -2013
2394 -5 -1830
2395 -4 -1647
2396 -3 -1464
2397 -2 -1281
2398 -1 -1098
2399 0 -915
2400 1 -732
2401 2 -549
2402 3 -366
2403 4 -183
2404 5 0
2405 6 183
2406 7 366
2407 8 549
2408 9 732
2409 10 915
2410 11 1098
2411 12 1281
2412 13 1464
2413 14 1647
2414 15 1830
2415 16 2013
2416 17 2196
2417 18 2379
2418 19 2562
2419 20 2745
2420 21 2928
2421 22 3111
2422 23 3294
2423 24 3477
2424 25 3660
2425 26 3843
2426 27 4026
2427 28 4209
2428 29 4392
2429 30 4575
2430 31 4758
2431 32 4941
2432 33 5124
2433 34 5307
2434 35 5490
2435 36 5673
2436 37 5856
2437 38 6039
2438 39 6222
2439 40 6405
2440 41 6588
2441 42 6771
2442 43 6954
2443 44 7137
2444 45 7320
2445 46 7503
2446 47 7686
2447 48 7869
2448 49 8052
2449 50 8235
2450 51 8418
2451 52 8601
2452 53 8784
2453 54 8967
2454 55 9150
2455 56 9333
2456 57 9516
2457 58 9699
2458 59 9882
2459 60 10065
2460 61 10248
2461 62 10431
2462 63 10614
2463 64 10797
2464 65 10980
2465 66 11163
2466 67 11346
2467 68 11529
2468 69 11712
2469 70 11895
2470 71 12078
2471 72 12261
2472 73 12444
2473 74 12627
2474 75 12810
2475 74 12993
2476 73 13196
2477 72 13417
2478 71 13592
2479 70 13655
2480 69 13592
2481 68 13417
2482 67 13196
2483 66 12993
2484 65 12810
2485 64 12627
2486 63 12444
2487 62 12261
2488 61 12078
2489 60 11895
2490 59 11712
2491 58 11529
2492 57 11346
2493 56 11163
2494 55 10980
2495 54 10797
2496 53 10614
2497 52 10431
2498 51 10248
2499 50 10065
2500 49 9882
2501 48 9699
2502 47 9516
2503 46 9333
2504 45 9150
2505 44 8967
2506 43 8784
2507 42 8601
2508 41 8418
2509 40 8235
2510 39 8052
2511 38 7869
2512 37 7686
2513 36 7503
2514 35 7320
2515 34 7137
2516 33 6954
2517 32 6771
2518 31 6588
2519 30 6405
2520 29 6222
2521 28 6039
2522 27 5856
2523 26 5673
2524 25 5490
2525 24 5307
2526 23 5124
2527 22 4941
2528 21 4758
2529 20 4575
2530 19 4392
2531 18 4209
2532 17 4026
2533 16 3843
2534 15 3660
2535 14 3477
2536 13 3294
2537 12 3111
2538 11 2928
2539 10 2745
2540 9 2562
2541 8 2379
2542 7 2196
2543 6 2013
2544 5 1830
2545 4 1647
2546 3 1464
2547 2 1281
2548 1 1098
2549 0 915
2550 -1 732
2551 -2 549
2552 -3 366
2553 -4 183
2554 -5 0
2555 -6 -183
2556 -7 -366
2557 -8 -549
2558 -9 -732
2559 -10 -915
2560 -11 -1098
2561 -12 -1281
2562 -13 -1464
2563 -14 -1647
2564 -15 -1830
2565 -16 -2013
2566 -17 -2196
2567 -18 -2379
2568 -19 -2562
2569 -20 -2745
2570 -21 -2928
2571 -22 -3111
2572 -23 -3294
2573 -24 -3477
2574 -25 -3660
2575 -26 -3843
2576 -27 -4026
2577 -28 -4209
2578 -29 -4392
2579 -30 -4575
2580 -31 -4758
2581 -32 -4941
2582 -33 -5124
2583 -34 -5307
2584 -35 -5490
2585 -36 -5673
2586 -37 -5856
2587 -38 -6039
2588 -39 -6222
2589 -40 -6405
2590 -41 -6588
2591 -42 -6771
2592 -43 -6954
2593 -44 -7137
2594 -45 -7320
2595 -46 -7503
2596 -47 -7686
2597 -48 -7869
2598 -49 -8052
2599 -50 -8235
2600 -51 -8418
2601 -52 -8601
2602 -53 -8784
2603 -54 -8967
2604 -55 -9150
2605 -56 -9333
2606 -57 -9516
2607 -58 -9699
2608 -59 -9882
2609 -60 -10065
2610 -61 -10248
2611 -62 -10431
2612 -63 -10614
2613 -64 -10797
2614 -65 -10980
2615 -66 -11163
2616 -67 -11346
2617 -68 -11529
2618 -69 -11712
2619 -70 -11895
2620 -71 -12078
2621 -72 -12261
2622 -73 -12444
2623 -74 -12627
2624 -75 -12810
2625 -74 -12993
2626 -73 -13196
2627 -72 -13417
2628 -71 -13592
2629 -70 -13655
2630 -69 -13592
2631 -68 -13417
2632 -67 -13196
2633 -66 -12993
2634 -65 -12810
2635 -64 -12627
2636 -63 -12444
2637 -62 -12261
2638 -61 -12078
2639 -60 -11895
2640 -59 -11712
2641 -58 -11529
2642 -57 -11346
2643 -56 -11163
2644 -55 -10980
2645 -54 -10797
2646 -53 -10614
2647 -52 -10431
2648 -51 -10248
2649 -50 -10065
2650 -49 -9882
2651 -48 -9699
2652 -47 -9516
2653 -46 -9333
2654 -45 -9150
2655 -44 -8967
2656 -43 -8784
2657 -42 -8601
2658 -41 -8418
2659 -40 -8235
2660 -39 -8052
2661 -38 -7869
2662 -37 -7686
2663 -36 -7503
2664 -35 -7320
2665 -34 -7137
2666 -33 -6954
2667 -32 -6771
2668 -31 -6588
2669 -30 -6405
2670 -29 -6222
2671 -28 -6039
2672 -27 -5856
2673 -26 -5673
2674 -25 -5490
2675 -24 -5307
2676 -23 -5124
2677 -22 -4941
2678 -21 -4758
2679 -20 -4575
2680 -19 -4392
2681 -18 -4209
2682 -17 -4026
2683 -16 -3843
2684 -15 -3660
2685 -14 -3477
2686 -13 -3294
2687 -12 -3111
2688 -11 -2928
2689 -10 -2745
2690 -9 -2562
2691 -8 -2379
2692 -7 -2196
2693 -6 -2013
2694 -5 -1830
2695 -4 -1647
2696 -3 -1464
2697 -2 -1281
2698 -1 -1098
2699 0 -915
2700 1 -732
2701 2 -549
2702 3 -366
2703 4 -183
2704 5 0
2705 6 183
2706 7 366
2707 8 549
2708 9 732
2709 10 915
2710 11 1098
2711 12 1281
2712 13 1464
2713 14 1647
2714 15 1830
2715 16 2013
2716 17 2196
2717 18 2379
2718 19 2562
2719 20 2745
2720 21 2928
2721 22 3111
2722 23 3294
2723 24 3477
2724 25 3660
2725 26 3843
2726 27 4026
2727 28 4209
2728 29 4392
2729 30 4575
2730 31 4758
2731 32 4941
2732 33 5124
2733 34 5307
2734 35 5490
2735 36 5673
2736 37 5856
2737 38 6039
2738 39 6222
2739 40 6405
2740 41 6588
2741 42 6771
2742 43 6954
2743 44 7137
2744 45 7320
2745 46 7503
2746 47 7686
2747 48 7869
2748 49 8052
2749 50 8235
2750 51 8418
2751 52 8601
2752 53 8784
2753 54 8967
2754 55 9150
2755 56 9333
2756 57 9516
2757 58 9699
2758 59 9882
2759 60 10065
2760 61 10248
2761 62 10431
2762 63 10614
2763 64 10797
2764 65 10980
2765 66 11163
2766 67 11346
2767 68 11529
2768 69 11712
2769 70 11895
2770 71 12078
2771 72 12261
2772 73 12444
2773 74 12627
2774 75 12810
2775 74 12993
2776 73 13196
2777 72 13417
2778 71 13592
2779 70 13655
2780 69 13592
2781 68 13417
2782 67 13196
2783 66 12993
2784 65 12810
2785 64 12627
2786 63 12444
2787 62 12261
2788 61 12078
2789 60 11895
2790 59 11712
2791 58 11529
2792 57 11346
2793 56 11163
2794 55 10980
2795 54 10797
2796 53 10614
2797 52 10431
2798 51 10248
2799 50 10065
2800 49 9882
2801 48 9699
2802 47 9516
2803 46 9333
2804 45 9150
2805 44 8967
2806 43 8784
2807 42 8601
2808 41 8418
2809 40 8235
2810 39 8052
2811 38 7869
2812 37 7686
2813 36 7503
2814 35 7320
2815 34 7137
2816 33 6954
2817 32 6771
2818 31 6588
2819 30 6405
2820 29 6222
2821 28 6039
2822 27 5856
2823 26 5673
2824 25 5490
2825 24 5307
2826 23 5124
2827 22 4941
2828 21 4758
2829 20 4575
2830 19 4392
2831 18 4209
2832 17 4026
2833 16 3843
2834 15 3660
2835 14 3477
2836 13 3294
2837 12 3111
2838 11 2928
2839 10 2745
2840 9 2562
2841 8 2379
2842 7 2196
2843 6 2013
2844 5 1830
2845 4 1647
2846 3 1464
2847 2 1281
2848 1 1098
2849 0 915
2850 -1 732
2851 -2 549
2852 -3 366
2853 -4 183
2854 -5 0
2855 -6 -183
2856 -7 -366
2857 -8 -549
2858 -9 -732
2859 -10 -915
2860 -11 -1098
2861 -12 -1281
2862 -13 -1464
2863 -14 -1647
2864 -15 -1830
2865 -16 -2013
2866 -17 -2196
2867 -18 -2379
2868 -19 -2562
2869 -20 -2745
2870 -21 -2928
2871 -22 -3111
2872 -23 -3294
2873 -24 -3477
2874 -25 -3660
2875 -26 -3843
2876 -27 -4026
2877 -28 -4209
2878 -29 -4392
2879 -30 -4575
2880 -31 -4758
2881 -32 -4941
2882 -33 -5124
2883 -34 -5307
2884 -35 -5490
2885 -36 -5673
2886 -37 -5856
2887 -38 -6039
2888 -39 -6222
2889 -40 -6405
2890 -41 -6588
2891 -42 -6771
2892 -43 -6954
2893 -44 -7137
2894 -45 -7320
2895 -46 -7503
2896 -47 -7686
2897 -48 -7869
2898 -49 -8052
2899 -50 -8235
2900 -51 -8418
2901 -52 -8601
2902 -53 -8784
2903 -54 -8967
2904 -55 -9150
2905 -56 -9333
2906 -57 -9516
2907 -58 -9699
2908 -59 -9882
2909 -60 -10065
2910 -61 -10248
2911 -62 -10431
2912 -63 -10614
2913 -64 -10797
2914 -65 -10980
2915 -66 -11163
2916 -67 -11346
2917 -68 -11529
2918 -69 -11712
2919 -70 -11895
2920 -71 -12078
2921 -72 -12261
2922 -73 -12444
2923 -74 -12627
2924 -75 -12810
2925 -74 -12993
2926 -73 -13196
2927 -72 -13417
2928 -71 -13592
2929 -70 -13655
2930 -69 -13592
2931 -68 -13417
2932 -67 -13196
2933 -66 -12993
2934 -65 -12810
2935 -64 -12627
2936 -63 -12444
2937 -62 -12261
2938 -61 -12078
2939 -60 -11895
2940 -59 -11712
2941 -58 -11529
2942 -57 -11346
2943 -56 -11163
2944 -55 -10980
2945 -54 -10797
2946 -53 -10614
2947 -52 -10431
2948 -51 -10248
2949 -50 -10065
2950 -49 -9882
2951 -48 -9699
2952 -47 -9516
2953 -46 -9333
2954 -45 -9150
2955 -44 -8967
2956 -43 -8784
2957 -42 -8601
2958 -41 -8418
2959 -40 -8235
2960 -39 -8052
2961 -38 -7869
2962 -37 -7686
2963 -36 -7503
2964 -35 -7320
2965 -34 -7137
2966 -33 -6954
2967 -32 -6771
2968 -31 -6588
2969 -30 -6405
2970 -29 -6222
2971 -28 -6039
2972 -27 -5856
2973 -26 -5673
2974 -25 -5490
2975 -24 -5307
2976 -23 -5124
2977 -22 -4941
2978 -21 -4758
2979 -20 -4575
2980 -19 -4392
2981 -18 -4209
2982 -17 -4026
2983 -16 -3843
2984 -15 -3660
2985 -14 -3477
2986 -13 -3294
2987 -12 -3111
2988 -11 -2928
2989 -10 -2745
2990 -9 -2562
2991 -8 -2379
2992 -7 -2196
2993 -6 -2013
2994 -5 -1830
2995 -4 -1647
2996 -3 -1464
2997 -2 -1281
2998 -1 -1098
2999 0 -915
3000 1 -732
3001 2 -549
3002 3 -366
3003 4 -183
3004 5 0
3005 6 183
3006 7 366
3007 8 549
3008 9 732
3009 10 915
3010 11 1098
3011 12 1281
3012 13 1464
3013 14 1647
3014 15 1830
3015 16 2013
3016 17 2196
3017 18 2379
3018 19 2562
3019 20 2745
3020 21 2928
3021 22 3111
3022 23 3294
3023 24 3477
3024 25 3660
3025 26 3843
3026 27 4026
3027 28 4209
3028 29 4392
3029 30 4575
3030 31 4758
3031 32 4941
3032 33 5124
3033 34 5307
3034 35 5490
3035 36 5673
3036 37 5856
3037 38 6039
3038 39 6222
3039 40 6405
3040 41 6588
3041 42 6771
3042 43 6954
3043 44 7137
3044 45 7320
3045 46 7503
3046 47 7686
3047 48 7869
3048 49 8052
3049 50 8235
3050 51 8418
3051 52 8601
3052 53 8784
3053 54 8967
3054 55 9150
3055 56 9333
3056 57 9516
3057 58 9699
3058 59 9882
3059 60 10065
3060 61 10248
3061 62 10431
3062 63 10614
3063 64 10797
3064 65 10980
3065 66 11163
3066 67 11346
3067 68 11529
3068 69 11712
3069 70 11895
3070 71 12078
3071 72 12261
3072 73 12444
3073 74 12627
3074 75 12810
3075 74 12993
3076 73 13196
3077 72 13417
3078 71 13592
3079 70 13655
3080 69 13592
3081 68 13417
3082 67 13196
3083 66 12993
3084 65 12810
3085 64 12627
3086 63 12444
3087 62 12261
3088 61 12078
3089 60 11895
3090 59 11712
3091 58 11529
3092 57 11346
3093 56 11163
3094 55 10980
3095 54 10797
3096 53 10614
3097 52 10431
3098 51 10248
3099 50 10065
3100 49 9882
3101 48 9699
3102 47 9516
3103 46 9333
3104 45 9150
3105 44 8967
3106 43 8784
3107 42 8601
3108 41 8418
3109 40 8235
3110 39 8052
3111 38 7869
3112 37 7686
3113 36 7503
3114 35 7320
3115 34 7137
3116 33 6954
3117 32 6771
3118 31 6588
3119 30 6405
3120 29 6222
3121 28 6039
3122 27 5856
3123 26 5673
3124 25 5490
3125 24 5307
3126 23 5124
3127 22 4941
3128 21 4758
3129 20 4575
3130 19 4392
3131 18 4209
3132 17 4026
3133 16 3843
3134 15 3660
3135 14 3477
3136 13 3294
3137 12 3111
3138 11 2928
3139 10 2745
3140 9 2562
3141 8 2379
3142 7 2196
3143 6 2013
3144 5 1830
3145 4 1647
3146 3 1464
3147 2 1281
3148 1 1098
3149 0 915
3150 -1 732
3151 -2 549
3152 -3 366
3153 -4 183
3154 -5 0
3155 -6 -183
3156 -7 -366
3157 -8 -549
3158 -9 -732
3159 -10 -915
3160 -11 -1098
3161 -12 -1281
3162 -13 -1464
3163 -14 -1647
3164 -15 -1830
3165 -16 -2013
3166 -17 -2196
3167 -18 -2379
3168 -19 -2562
3169 -20 -2745
3170 -21 -2928
3171 -22 -3111
3172 -23 -3294
3173 -24 -3477
3174 -25 -3660
3175 -26 -3843
3176 -27 -4026
3177 -28 -4209
3178 -29 -4392
3179 -30 -4575
3180 -31 -4758
3181 -32 -4941
3182 -33 -5124
3183 -34 -5307
3184 -35 -5490
3185 -36 -5673
3186 -37 -5856
3187 -38 -6039
3188 -39 -6222
3189 -40 -6405
3190 -41 -6588
3191 -42 -6771
3192 -43 -6954
3193 -44 -7137
3194 -45 -7320
3195 -46 -7503
3196 -47 -7686
3197 -48 -7869
3198 -49 -8052
3199 -50 -8235
3200 -51 -8418
3201 -52 -8601
3202 -53 -8784
3203 -54 -8967
3204 -55 -9150
3205 -56 -9333
3206 -57 -9516
3207 -58 -9699
3208 -59 -9882
3209 -60 -10065
3210 -61 -10248
3211 -62 -10431
3212 -63 -10614
3213 -64 -10797
3214 -65 -10980
3215 -66 -11163
3216 -67 -11346
3217 -68 -11529
3218 -69 -11712
3219 -70 -11895
3220 -71 -12078
3221 -72 -12261
3222 -73 -12444
3223 -74 -12627
3224 -75 -12810
3225 -74 -12993
3226 -73 -13196
3227 -72 -13417
3228 -71 -13592
3229 -70 -13655
3230 -69 -13592
3231 -68 -13417
3232 -67 -13196
3233 -66 -12993
3234 -65 -12810
3235 -64 -12627
3236 -63 -12444
3237 -62 -12261
3238 -61 -12078
3239 -60 -11895
3240 -59 -11712
3241 -58 -11529
3242 -57 -11346
3243 -56 -11163
3244 -55 -10980
3245 -54 -10797
3246 -53 -10614
3247 -52 -10431
3248 -51 -10248
3249 -50 -10065
3250 -49 -9882
3251 -48 -9699
3252 -47 -9516
3253 -46 -9333
3254 -45 -9150
3255 -44 -8967
3256 -43 -8784
3257 -42 -8601
3258 -41 -8418
3259 -40 -8235
3260 -39 -8052
3261 -38 -7869
3262 -37 -7686
3263 -36 -7503
3264 -35 -7320
3265 -34 -7137
3266 -33 -6954
3267 -32 -6771
3268 -31 -6588
3269 -30 -6405
3270 -29 -6222
3271 -28 -6039
3272 -27 -5856
3273 -26 -5673
3274 -25 -5490
3275 -24 -5307
3276 -23 -5124
3277 -22 -4941
3278 -21 -4758
3279 -20 -4575
3280 -19 -4392
3281 -18 -4209
3282 -17 -4026
3283 -16 -3843
3284 -15 -3660
3285 -14 -3477
3286 -13 -3294
3287 -12 -3111
3288 -11 -2928
3289 -10 -2745
3290 -9 -2562
3291 -8 -2379
3292 -7 -2196
3293 -6 -2013
3294 -5 -1830
3295 -4 -1647
3296 -3 -1464
3297 -2 -1281
3298 -1 -1098
3299 0 -915
3300 1 -732
3301 2 -549
3302 3 -366
3303 4 -183
3304 5 0
3305 6 183
3306 7 366
3307 8 549
3308 9 732
3309 10 915
3310 11 1098
3311 12 1281
3312 13 1464
3313 14 1647
3314 15 1830
3315 16 2013
3316 17 2196
3317 18 2379
3318 19 2562
3319 20 2745
3320 21 2928
3321 22 3111
3322 23 3294
3323 24 3477
3324 25 3660
3325 26 3843
3326 27 4026
3327 28 4209
3328 29 4392
3329 30 4575
3330 31 4758
3331 32 4941
3332 33 5124
3333 34 5307
3334 35 5490
3335 36 5673
3336 37 5856
3337 38 6039
3338 39 6222
3339 40 6405
3340 41 6588
3341 42 6771
3342 43 6954
3343 44 7137
3344 45 7320
3345 46 7503
3346 47 7686
3347 48 7869
3348 49 8052
3349 50 8235
3350 51 8418
3351 52 8601
3352 53 8784
3353 54 8967
3354 55 9150
3355 56 9333
3356 57 9516
3357 58 9699
3358 59 9882
3359 60 10065
3360 61 10248
3361 62 10431
3362 63 10614
3363 64 10797
3364 65 10980
3365 66 11163
3366 67 11346
3367 68 11529
3368 69 11712
3369 70 11895
3370 71 12078
3371 72 12261
3372 73 12444
3373 74 12627
3374 75 12810
3375 74 12993
3376 73 13196
3377 72 13417
3378 71 13592
3379 70 13655
3380 69 13592
3381 68 13417
3382 67 13196
3383 66 12993
3384 65 12810
3385 64 12627
3386 63 12444
3387 62 12261
3388 61 12078
3389 60 11895
3390 59 11712
3391 58 11529
3392 57 11346
3393 56 11163
3394 55 10980
3395 54 10797
3396 53 10614
3397 52 10431
3398 51 10248
3399 50 10065
3400 49 9882
3401 48 9699
3402 47 9516
3403 46 9333
3404 45 9150
3405 44 8967
3406 43 8784
3407 42 8601
3408 41 8418
3409 40 8235
3410 39 8052
3411 38 7869
3412 37 7686
3413 36 7503
3414 35 7320
3415 34 7137
3416 33 6954
3417 32 6771
3418 31 6588
3419 30 6405
3420 29 6222
3421 28 6039
3422 27 5856
3423 26 5673
3424 25 5490
3425 24 5307
3426 23 5124
3427 22 4941
3428 21 4758
3429 20 4575
3430 19 4392
3431 18 4209
3432 17 4026
3433 16 3843
3434 15 3660
3435 14 3477
3436 13 3294
3437 12 3111
3438 11 2928
3439 10 2745
3440 9 2562
3441 8 2379
3442 7 2196
3443 6 2013
3444 5 1830
3445 4 1647
3446 3 1464
3447 2 1281
3448 1 1098
3449 0 915
3450 -1 732
3451 -2 549
3452 -3 366
3453 -4 183
3454 -5 0
3455 -6 -183
3456 -7 -366
3457 -8 -549
3458 -9 -732
3459 -10 -915
3460 -11 -1098
3461 -12 -1281
3462 -13 -1464
3463 -14 -1647
3464 -15 -1830
3465 -16 -2013
3466 -17 -2196
3467 -18 -2379
3468 -19 -2562
3469 -20 -2745
3470 -21 -2928
3471 -22 -3111
3472 -23 -3294
3473 -24 -3477
3474 -25 -3660
3475 -26 -3843
3476 -27 -4026
3477 -28 -4209
3478 -29 -4392
3479 -30 -4575
3480 -31 -4758
3481 -32 -4941
3482 -33 -5124
3483 -34 -5307
3484 -35 -5490
3485 -36 -5673
3486 -37 -5856
3487 -38 -6039
3488 -39 -6222
3489 -40 -6405
3490 -41 -6588
3491 -42 -6771
3492 -43 -6954
3493 -44 -7137
3494 -45 -7320
3495 -46 -7503
3496 -47 -7686
3497 -48 -7869
3498 -49 -8052
3499 -50 -8235
3500 -51 -8418
3501 -52 -8601
3502 -53 -8784
3503 -54 -8967
3504 -55 -9150
3505 -56 -9333
3506 -57 -9516
3507 -58 -9699
3508 -59 -9882
3509 -60 -10065
3510 -61 -10248
3511 -62 -10431
3512 -63 -10614
3513 -64 -10797
3514 -65 -10980
3515 -66 -11163
3516 -67 -11346
3517 -68 -11529
3518 -69 -11712
3519 -70 -11895
3520 -71 -12078
3521 -72 -12261
3522 -73 -12444
3523 -74 -12627
3524 -75 -12810
3525 -74 -12993
3526 -73 -13196
3527 -72 -13417
3528 -71 -13592
3529 -70 -13655
3530 -69 -13592
3531 -68 -13417
3532 -67 -13196
3533 -66 -12993
3534 -65 -12810
3535 -64 -12627
3536 -63 -12444
3537 -62 -12261
3538 -61 -12078
3539 -60 -11895
3540 -59 -11712
3541 -58 -11529
3542 -57 -11346
3543 -56 -11163
3544 -55 -10980
3545 -54 -10797
3546 -53 -10614
3547 -52 -10431
3548 -51 -10248
3549 -50 -10065
3550 -49 -9882
3551 -48 -9699
3552 -47 -9516
3553 -46 -9333
3554 -45 -9150
3555 -44 -8967
3556 -43 -8784
3557 -42 -8601
3558 -41 -8418
3559 -40 -8235
3560 -39 -8052
3561 -38 -7869
3562 -37 -7686
3563 -36 -7503
3564 -35 -7320
3565 -34 -7137
3566 -33 -6954
3567 -32 -6771
3568 -31 -6588
3569 -30 -6405
3570 -29 -6222
3571 -28 -6039
3572 -27 -5856
3573 -26 -5673
3574 -25 -5490
3575 -24 -5307
3576 -23 -5124
3577 -22 -4941
3578 -21 -4758
3579 -20 -4575
3580 -19 -4392
3581 -18 -4209
3582 -17 -4026
3583 -16 -3843
3584 -15 -3660
3585 -14 -3477
3586 -13 -3294
3587 -12 -3111
3588 -11 -2928
3589 -10 -2745
3590 -9 -2562
3591 -8 -2379
3592 -7 -2196
3593 -6 -2013
3594 -5 -1830
3595 -4 -1647
3596 -3 -1464
3597 -2 -1281
3598 -1 -1098
3599 0 -915
3600 1 -732
3601 2 -549
3602 3 -366
3603 4 -183
3604 5 0
3605 6 183
3606 7 366
3607 8 549
3608 9 732
3609 10 915
3610 11 1098
3611 12 1281
3612 13 1464
3613 14 1647
3614 15 1830
3615 16 2013
3616 17 2196
3617 18 2379
3618 19 2562
3619 20 2745
3620 21 2928
3621 22 3111
3622 23 3294
3623 24 3477
3624 25 3660
3625 26 3843
3626 27 4026
3627 28 4209
3628 29 4392
3629 30 4575
3630 31 4758
3631 32 4941
3632 33 5124
3633 34 5307
3634 35 5490
3635 36 5673
3636 37 5856
3637 38 6039
3638 39 6222
3639 40 6405
3640 41 6588
3641 42 6771
3642 43 6954
3643 44 7137
3644 45 7320
3645 46 7503
3646 47 7686
3647 48 7869
3648 49 8052
3649 50 8235
3650 51 8418
3651 52 8601
3652 53 8784
3653 54 8967
3654 55 9150
3655 56 9333
3656 57 9516
3657 58 9699
3658 59 9882
3659 60 10065
3660 61 10248
3661 62 10431
3662 63 10614
3663 64 10797
3664 65 10980
3665 66 11163
3666 67 11346
3667 68 11529
3668 69 11712
3669 70 11895
3670 71 12078
3671 72 12261
3672 73 12444
3673 74 12627
3674 75 12810
3675 74 12993
3676 73 13196
3677 72 13417
3678 71 13592
3679 70 13655
3680 69 13592
3681 68 13417
3682 67 13196
3683 66 12993
3684 65 12810
3685 64 12627
3686 63 12444
3687 62 12261
3688 61 12078
3689 60 11895
3690 59 11712
3691 58 11529
3692 57 11346
3693 56 11163
3694 55 10980
3695 54 10797
3696 53 10614
3697 52 10431
3698 51 10248
3699 50 10065
3700 49 9882
3701 48 9699
3702 47 9516
3703 46 9333
3704 45 9150
3705 44 8967
3706 43 8784
3707 42 8601
3708 41 8418
3709 40 8235
3710 39 8052
3711 38 7869
3712 37 7686
3713 36 7503
3714 35 7320
3715 34 7137
3716 33 6954
3717 32 6771
3718 31 6588
3719 30 6405
3720 29 6222
3721 28 6039
3722 27 5856
3723 26 5673
3724 25 5490
3725 24 5307
3726 23 5124
3727 22 4941
3728 21 4758
3729 20 4575
3730 19 4392
3731 18 4209
3732 17 4026
3733 16 3843
3734 15 3660
3735 14 3477
3736 13 3294
3737 12 3111
3738 11 2928
3739 10 2745
3740 9 2562
3741 8 2379
3742 7 2196
3743 6 2013
3744 5 1830
3745 4 1647
3746 3 1464
3747 2 1281
3748 1 1098
3749 0 915
3750 -1 732
3751 -2 549
3752 -3 366
3753 -4 183
3754 -5 0
3755 -6 -183
3756 -7 -366
3757 -8 -549
3758 -9 -732
3759 -10 -915
3760 -11 -1098
3761 -12 -1281
3762 -13 -1464
3763 -14 -1647
3764 -15 -1830
3765 -16 -2013
3766 -17 -2196
3767 -18 -2379
3768 -19 -2562
3769 -20 -2745
3770 -21 -2928
3771 -22 -3111
3772 -23 -3294
3773 -24 -3477
3774 -25 -3660
3775 -26 -3843
3776 -27 -4026
3777 -28 -4209
3778 -29 -4392
3779 -30 -4575
3780 -31 -4758
3781 -32 -4941
3782 -33 -5124
3783 -34 -5307
3784 -35 -5490
3785 -36 -5673
3786 -37 -5856
3787 -38 -6039
3788 -39 -6222
3789 -40 -6405
3790 -41 -6588
3791 -42 -6771
3792 -43 -6954
3793 -44 -7137
3794 -45 -7320
3795 -46 -7503
3796 -47 -7686
3797 -48 -7869
3798 -49 -8052
3799 -50 -8235
3800 -51 -8418
3801 -52 -8601
3802 -53 -8784
3803 -54 -8967
3804 -55 -9150
3805 -56 -9333
3806 -57 -9516
3807 -58 -9699
3808 -59 -9882
3809 -60 -10065
3810 -61 -10248
3811 -62 -10431
3812 -63 -10614
3813 -64 -10797
3814 -65 -10980
3815 -66 -11163
3816 -67 -11346
3817 -68 -11529
3818 -69 -11712
3819 -70 -11895
3820 -71 -12078
3821 -72 -12261
3822 -73 -12444
3823 -74 -12627
3824 -75 -12810
3825 -74 -12993
3826 -73 -13196
3827 -72 -13417
3828 -71 -13592
3829 -70 -13655
3830 -69 -13592
3831 -68 -13417
3832 -67 -13196
3833 -66 -12993
3834 -65 -12810
3835 -64 -12627
3836 -63 -12444
3837 -62 -12261
3838 -61 -12078
3839 -60 -11895
3840 -59 -11712
3841 -58 -11529
3842 -57 -11346
3843 -56 -11163
3844 -55 -10980
3845 -54 -10797
3846 -53 -10614
3847 -52 -10431
3848 -51 -10248
3849 -50 -10065
3850 -49 -9882
3851 -48 -9699
3852 -47 -9516
3853 -46 -9333
3854 -45 -9150
3855 -44 -8967
3856 -43 -8784
3857 -42 -8601
3858 -41 -8418
3859 -40 -8235
3860 -39 -8052
3861 -38 -7869
3862 -37 -7686
3863 -36 -7503
3864 -35 -7320
3865 -34 -7137
3866 -33 -6954
3867 -32 -6771
3868 -31 -6588
3869 -30 -6405
3870 -29 -6222
3871 -28 -6039
3872 -27 -5856
3873 -26 -5673
3874 -25 -5490
3875 -24 -5307
3876 -23 -5124
3877 -22 -4941
3878 -21 -4758
3879 -20 -4575
3880 -19 -4392
3881 -18 -4209
3882 -17 -4026
3883 -16 -3843
3884 -15 -3660
3885 -14 -3477
3886 -13 -3294
3887 -12 -3111
3888 -11 -2928
3889 -10 -2745
3890 -9 -2562
3891 -8 -2379
3892 -7 -2196
3893 -6 -2013
3894 -5 -1830
3895 -4 -1647
3896 -3 -1464
3897 -2 -1281
3898 -1 -1098
3899 0 -915
3900 1 -732
3901 2 -549
3902 3 -366
3903 4 -183
3904 5 0
3905 6 183
3906 7 366
3907 8 549
3908 9 732
3909 10 915
3910 11 1098
3911 12 1281
3912 13 1464
3913 14 1647
3914 15 1830
3915 16 2013
3916 17 2196
3917 18 2379
3918 19 2562
3919 20 2745
3920 21 2928
3921 22 3111
3922 23 3294
3923 24 3477
3924 25 3660
3925 26 3843
3926 27 4026
3927 28 4209
3928 29 4392
3929 30 4575
3930 31 4758
3931 32 4941
3932 33 5124
3933 34 5307
3934 35 5490
3935 36 5673
3936 37 5856
3937 38 6039
3938 39 6222
3939 40 6405
3940 41 6588
3941 42 6771
3942 43 6954
3943 44 7137
3944 45 7320
3945 46 7503
3946 47 7686
3947 48 7869
3948 49 8052
3949 50 8235
3950 51 8418
3951 52 8601
3952 53 8784
3953 54 8967
3954 55 9150
3955 56 9333
3956 57 9516
3957 58 9699
3958 59 9882
3959 60 10065
3960 61 10248
3961 62 10431
3962 63 10614
3963 64 10797
3964 65 10980
3965 66 11163
3966 67 11346
3967 68 11529
3968 69 11712
3969 70 11895
3970 71 12078
3971 72 12261
3972 73 12444
3973 74 12627
3974 75 12810
3975 74 12993
3976 73 13196
3977 72 13417
3978 71 13592
3979 70 13655
3980 69 13592
3981 68 13417
3982 67 13196
3983 66 12993
3984 65 12810
3985 64 12627
3986 63 12444
3987 62 12261
3988 61 12078
3989 60 11895
3990 59 11712
3991 58 11529
3992 57 11346
3993 56 11163
3994 55 10980
3995 54 10797
3996 53 10614
3997 52 10431
3998 51 10248
3999 50 10065
4000 49 9882
4001 48 9699
4002 47 9516
4003 46 9333
4004 45 9150
4005 44 8967
4006 43 8784
4007 42 8601
4008 41 8418
4009 40 8235
4010 39 8052
4011 38 7869
4012 37 7686
4013 36 7503
4014 35 7320
4015 34 7137
4016 33 6954
4017 32 6771
4018 31 6588
4019 30 6405
4020 29 6222
4021 28 6039
4022 27 5856
4023 26 5673
4024 25 5490
4025 24 5307
4026 23 5124
4027 22 4941
4028 21 4758
4029 20 4575
4030 19 4392
4031 18 4209
4032 17 4026
4033 16 3843
4034 15 3660
4035 14 3477
4036 13 3294
4037 12 3111
4038 11 2928
4039 10 2745
4040 9 2562
4041 8 2379
4042 7 2196
4043 6 2013
4044 5 1830
4045 4 1647
4046 3 1464
4047 2 1281
4048 1 1098
4049 0 915
4050 -1 732
4051 -2 549
4052 -3 366
4053 -4 183
4054 -5 0
4055 -6 -183
4056 -7 -366
4057 -8 -549
4058 -9 -732
4059 -10 -915
4060 -11 -1098
4061 -12 -1281
4062 -13 -1464
4063 -14 -1647
4064 -15 -1830
4065 -16 -2013
4066 -17 -2196
4067 -18 -2379
4068 -19 -2562
4069 -20 -2745
4070 -21 -2928
4071 -22 -3111
4072 -23 -3294
4073 -24 -3477
4074 -25 -3660
4075 -26 -3843
4076 -27 -4026
4077 -28 -4209
4078 -29 -4392
4079 -30 -4575
4080 -31 -4758
4081 -32 -4941
4082 -33 -5124
4083 -34 -5307
4084 -35 -5490
4085 -36 -5673
4086 -37 -5856
4087 -38 -6039
4088 -39 -6222
4089 -40 -6405
4090 -41 -6588
4091 -42 -6771
4092 -43 -6954
4093 -44 -7137
4094 -45 -7320
4095 -46 -7503
4096 -47 -7686
4097 -48 -7869
4098 -49 -8052
4099 -50 -8235
4100 -51 -8418
4101 -52 -8601
4102 -53 -8784
4103 -54 -8967
4104 -55 -9150
4105 -56 -9333
4106 -57 -9516
4107 -58 -9699
4108 -59 -9882
4109 -60 -10065
4110 -61 -10248
4111 -62 -10431
4112 -63 -10614
4113 -64 -10797
4114 -65 -10980
4115 -66 -11163
4116 -67 -11346
4117 -68 -11529
4118 -69 -11712
4119 -70 -11895
4120 -71 -12078
4121 -72 -12261
4122 -73 -12444
4123 -74 -12627
4124 -75 -12810
4125 -74 -12993
4126 -73 -13196
4127 -72 -13417
4128 -71 -13592
4129 -70 -13655
4130 -69 -13592
4131 -68 -13417
4132 -67 -13196
4133 -66 -12993
4134 -65 -12810
4135 -64 -12627
4136 -63 -12444
4137 -62 -12261
4138 -61 -12078
4139 -60 -11895
4140 -59 -11712
4141 -58 -11529
4142 -57 -11346
4143 -56 -11163
4144 -55 -10980
4145 -54 -10797
4146 -53 -10614
4147 -52 -10431
4148 -51 -10248
4149 -50 -10065
4150 -49 -9882
4151 -48 -9699
4152 -47 -9516
4153 -46 -9333
4154 -45 -9150
4155 -44 -8967
4156 -43 -8784
4157 -42 -8601
4158 -41 -8418
4159 -40 -8235
4160 -39 -8052
4161 -38 -7869
4162 -37 -7686
4163 -36 -7503
4164 -35 -7320
4165 -34 -7137
4166 -33 -6954
4167 -32 -6771
4168 -31 -6588
4169 -30 -6405
4170 -29 -6222
4171 -28 -6039
4172 -27 -5856
4173 -26 -5673
4174 -25 -5490
4175 -24 -5307
4176 -23 -5124
4177 -22 -4941
4178 -21 -4758
4179 -20 -4575
4180 -19 -4392
4181 -18 -4209
4182 -17 -4026
4183 -16 -3843
4184 -15 -3660
4185 -14 -3477
4186 -13 -3294
4187 -12 -3111
4188 -11 -2928
4189 -10 -2745
4190 -9 -2562
4191 -8 -2379
4192 -7 -2196
4193 -6 -2013
4194 -5 -1830
4195 -4 -1647
4196 -3 -1464
4197 -2 -1281
4198 -1 -1098
4199 0 -915
4200 1 -732
4201 2 -549
4202 3 -366
4203 4 -183
4204 5 0
4205 6 183
4206 7 366
4207 8 549
4208 9 732
4209 10 915
4210 11 1098
4211 12 1281
4212 13 1464
4213 14 1647
4214 15 1830
4215 16 2013
4216 17 2196
4217 18 2379
4218 19 2562
4219 20 2745
4220 21 2928
4221 22 3111
4222 23 3294
4223 24 3477
4224 25 3660
4225 26 3843
4226 27 4026
4227 28 4209
4228 29 4392
4229 30 4575
4230 31 4758
4231 32 4941
4232 33 5124
4233 34 5307
4234 35 5490
4235 36 5673
4236 37 5856
4237 38 6039
4238 39 6222
4239 40 6405
4240 41 6588
4241 42 6771
4242 43 6954
4243 44 7137
4244 45 7320
4245 46 7503
4246 47 7686
4247 48 7869
4248 49 8052
4249 50 8235
4250 51 8418
4251 52 8601
4252 53 8784
4253 54 8967
4254 55 9150
4255 56 9333
4256 57 9516
4257 58 9699
4258 59 9882
4259 60 10065
4260 61 10248
4261 62 10431
4262 63 10614
4263 64 10797
4264 65 10980
4265 66 11163
4266 67 11346
4267 68 11529
4268 69 11712
4269 70 11895
4270 71 12078
4271 72 12261
4272 73 12444
4273 74 12627
4274 75 12810
4275 74 12993
4276 73 13196
4277 72 13417
4278 71 13592
4279 70 13655
4280 69 13592
4281 68 13417
4282 67 13196
4283 66 12993
4284 65 12810
4285 64 12627
4286 63 12444
4287 62 12261
4288 61 12078
4289 60 11895
4290 59 11712
4291 58 11529
4292 57 11346
4293 56 11163
4294 55 10980
4295 54 10797
4296 53 10614
4297 52 10431
4298 51 10248
4299 50 10065
4300 49 9882
4301 48 9699
4302 47 9516
4303 46 9333
4304 45 9150
4305 44 8967
4306 43 8784
4307 42 8601
4308 41 8418
4309 40 8235
4310 39 8052
4311 38 7869
4312 37 7686
4313 36 7503
4314 35 7320
4315 34 7137
4316 33 6954
4317 32 6771
4318 31 6588
4319 30 6405
4320 29 6222
4321 28 6039
4322 27 5856
4323 26 5673
4324 25 5490
4325 24 5307
4326 23 5124
4327 22 4941
4328 21 4758
4329 20 4575
4330 19 4392
4331 18 4209
4332 17 4026
4333 16 3843
4334 15 3660
4335 14 3477
4336 13 3294
4337 12 3111
4338 11 2928
4339 10 2745
4340 9 2562
4341 8 2379
4342 7 2196
4343 6 2013
4344 5 1830
4345 4 1647
4346 3 1464
4347 2 1281
4348 1 1098
4349 0 915
4350 -1 732
4351 -2 549
4352 -3 366
4353 -4 183
4354 -5 0
4355 -6 -183
4356 -7 -366
4357 -8 -549
4358 -9 -732
4359 -10 -915
4360 -11 -1098
4361 -12 -1281
4362 -13 -1464
4363 -14 -1647
4364 -15 -1830
4365 -16 -2013
4366 -17 -2196
4367 -18 -2379
4368 -19 -2562
4369 -20 -2745
4370 -21 -2928
4371 -22 -3111
4372 -23 -3294
4373 -24 -3477
4374 -25 -3660
4375 -26 -3843
4376 -27 -4026
4377 -28 -4209
4378 -29 -4392
4379 -30 -4575
4380 -31 -4758
4381 -32 -4941
4382 -33 -5124
4383 -34 -5307
4384 -35 -5490
4385 -36 -5673
4386 -37 -5856
4387 -38 -6039
4388 -39 -6222
4389 -40 -6405
4390 -41 -6588
4391 -42 -6771
4392 -43 -6954
4393 -44 -7137
4394 -45 -7320
4395 -46 -7503
4396 -47 -7686
4397 -48 -7869
4398 -49 -8052
4399 -50 -8235
4400 -51 -8418
4401 -52 -8601
4402 -53 -8784
4403 -54 -8967
4404 -55 -9150
4405 -56 -9333
4406 -57 -9516
4407 -58 -9699
4408 -59 -9882
4409 -60 -10065
4410 -61 -10248
4411 -62 -10431
4412 -63 -10614
4413 -64 -10797
4414 -65 -10980
4415 -66 -11163
4416 -67 -11346
4417 -68 -11529
4418 -69 -11712
4419 -70 -11895
4420 -71 -12078
4421 -72 -12261
4422 -73 -12444
4423 -74 -12627
4424 -75 -12810
4425 -74 -12993
4426 -73 -13196
4427 -72 -13417
4428 -71 -13592
4429 -70 -13655
4430 -69 -13592
4431 -68 -13417
4432 -67 -13196
4433 -66 -12993
4434 -65 -12810
4435 -64 -12627
4436 -63 -12444
4437 -62 -12261
4438 -61 -12078
4439 -60 -11895
4440 -59 -11712
4441 -58 -11529
4442 -57 -11346
4443 -56 -11163
4444 -55 -10980
4445 -54 -10797
4446 -53 -10614
4447 -52 -10431
4448 -51 -10248
4449 -50 -10065
4450 -49 -9882
4451 -48 -9699
4452 -47 -9516
4453 -46 -9333
4454 -45 -9150
4455 -44 -8967
4456 -43 -8784
4457 -42 -8601
4458 -41 -8418
4459 -40 -8235
4460 -39 -8052
4461 -38 -7869
4462 -37 -7686
4463 -36 -7503
4464 -35 -7320
4465 -34 -7137
4466 -33 -6954
4467 -32 -6771
4468 -31 -6588
4469 -30 -6405
4470 -29 -6222
4471 -28 -6039
4472 -27 -5856
4473 -26 -5673
4474 -25 -5490
4475 -24 -5307
4476 -23 -5124
4477 -22 -4941
4478 -21 -4758
4479 -20 -4575
4480 -19 -4392
4481 -18 -4209
4482 -17 -4026
4483 -16 -3843
4484 -15 -3660
4485 -14 -3477
4486 -13 -3294
4487 -12 -3111
4488 -11 -2928
4489 -10 -2745
4490 -9 -2562
4491 -8 -2379
4492 -7 -2196
4493 -6 -2013
4494 -5 -1830
4495 -4 -1647
4496 -3 -1464
4497 -2 -1281
4498 -1 -1098
4499 0 -915
4500 1 -732
4501 2 -549
4502 3 -366
4503 4 -183
4504 5 0
4505 6 183
4506 7 366
4507 8 549
4508 9 732
4509 10 915
4510 11 1098
4511 12 1281
4512 13 1464
4513 14 1647
4514 15 1830
4515 16 2013
4516 17 2196
4517 18 2379
4518 19 2562
4519 20 2745
4520 21 2928
4521 22 3111
4522 23 3294
4523 24 3477
4524 25 3660
4525 26 3843
4526 27 4026
4527 28 4209
4528 29 4392
4529 30 4575
4530 31 4758
4531 32 4941
4532 33 5124
4533 34 5307
4534 35 5490
4535 36 5673
4536 37 5856
4537 38 6039
4538 39 6222
4539 40 6405
4540 41 6588
4541 42 6771
4542 43 6954
4543 44 7137
4544 45 7320
4545 46 7503
4546 47 7686
4547 48 7869
4548 49 8052
4549 50 8235
4550 51 8418
4551 52 8601
4552 53 8784
4553 54 8967
4554 55 9150
4555 56 9333
4556 57 9516
4557 58 9699
4558 59 9882
4559 60 10065
4560 61 10248
4561 62 10431
4562 63 10614
4563 64 10797
4564 65 10980
4565 66 11163
4566 67 11346
4567 68 11529
4568 69 11712
4569 70 11895
4570 71 12078
4571 72 12261
4572 73 12444
4573 74 12627
4574 75 12810
4575 74 12993
4576 73 13196
4577 72 13417
4578 71 13592
4579 70 13655
4580 69 13592
4581 68 13417
4582 67 13196
4583 66 12993
4584 65 12810
4585 64 12627
4586 63 12444
4587 62 12261
4588 61 12078
4589 60 11895
4590 59 11712
4591 58 11529
4592 57 11346
4593 56 11163
4594 55 10980
4595 54 10797
4596 53 10614
4597 52 10431
4598 51 10248
4599 50 10065
4600 49 9882
4601 48 9699
4602 47 9516
4603 46 9333
4604 45 9150
4605 44 8967
4606 43 8784
4607 42 8601
4608 41 8418
4609 40 8235
4610 39 8052
4611 38 7869
4612 37 7686
4613 36 7503
4614 35 7320
4615 34 7137
4616 33 6954
4617 32 6771
4618 31 6588
4619 30 6405
4620 29 6222
4621 28 6039
4622 27 5856
4623 26 5673
4624 25 5490
4625 24 5307
4626 23 5124
4627 22 4941
4628 21 4758
4629 20 4575
4630 19 4392
4631 18 4209
4632 17 4026
4633 16 3843
4634 15 3660
4635 14 3477
4636 13 3294
4637 12 3111
4638 11 2928
4639 10 2745
4640 9 2562
4641 8 2379
4642 7 2196
4643 6 2013
4644 5 1830
4645 4 1647
4646 3 1464
4647 2 1281
4648 1 1098
4649 0 915
4650 -1 732
4651 -2 549
4652 -3 366
4653 -4 183
4654 -5 0
4655 -6 -183
4656 -7 -366
4657 -8 -549
4658 -9 -732
4659 -10 -915
4660 -11 -1098
4661 -12 -1281
4662 -13 -1464
4663 -14 -1647
4664 -15 -1830
4665 -16 -2013
4666 -17 -2196
4667 -18 -2379
4668 -19 -2562
4669 -20 -2745
4670 -21 -2928
4671 -22 -3111
4672 -23 -3294
4673 -24 -3477
4674 -25 -3660
4675 -26 -3843
4676 -27 -4026
4677 -28 -4209
4678 -29 -4392
4679 -30 -4575
4680 -31 -4758
4681 -32 -4941
4682 -33 -5124
4683 -34 -5307
4684 -35 -5490
4685 -36 -5673
4686 -37 -5856
4687 -38 -6039
4688 -39 -6222
4689 -40 -6405
4690 -41 -6588
4691 -42 -6771
4692 -43 -6954
4693 -44 -7137
4694 -45 -7320
4695 -46 -7503
4696 -47 -7686
4697 -48 -7869
4698 -49 -8052
4699 -50 -8235
4700 -51 -8418
4701 -52 -8601
4702 -53 -8784
4703 -54 -8967
4704 -55 -9150
4705 -56 -9333
4706 -57 -9516
4707 -58 -9699
4708 -59 -9882
4709 -60 -10065
4710 -61 -10248
4711 -62 -10431
4712 -63 -10614
4713 -64 -10797
4714 -65 -10980
4715 -66 -11163
4716 -67 -11346
4717 -68 -11529
4718 -69 -11712
4719 -70 -11895
4720 -71 -12078
4721 -72 -12261
4722 -73 -12444
4723 -74 -12627
4724 -75 -12810
4725 -74 -12993
4726 -73 -13196
4727 -72 -13417
4728 -71 -13592
4729 -70 -13655
4730 -69 -13592
4731 -68 -13417
4732 -67 -13196
4733 -66 -12993
4734 -65 -12810
4735 -64 -12627
4736 -63 -12444
4737 -62 -12261
4738 -61 -12078
4739 -60 -11895
4740 -59 -11712
4741 -58 -11529
4742 -57 -11346
4743 -56 -11163
4744 -55 -10980
4745 -54 -10797
4746 -53 -10614
4747 -52 -10431
4748 -51 -10248
4749 -50 -10065
4750 -49 -9882
4751 -48 -9699
4752 -47 -9516
4753 -46 -9333
4754 -45 -9150
4755 -44 -8967
4756 -43 -8784
4757 -42 -8601
4758 -41 -8418
4759 -40 -8235
4760 -39 -8052
4761 -38 -7869
4762 -37 -7686
4763 -36 -7503
4764 -35 -7320
4765 -34 -7137
4766 -33 -6954
4767 -32 -6771
4768 -31 -6588
4769 -30 -6405
4770 -29 -6222
4771 -28 -6039
4772 -27 -5856
4773 -26 -5673
4774 -25 -5490
4775 -24 -5307
4776 -23 -5124
4777 -22 -4941
4778 -21 -4758
4779 -20 -4575
4780 -19 -4392
4781 -18 -4209
4782 -17 -4026
4783 -16 -3843
4784 -15 -3660
4785 -14 -3477
4786 -13 -3294
4787 -12 -3111
4788 -11 -2928
4789 -10 -2745
4790 -9 -2562
4791 -8 -2379
4792 -7 -2196
4793 -6 -2013
4794 -5 -1830
4795 -4 -1647
4796 -3 -1464
4797 -2 -1281
4798 -1 -1098
4799 0 -915
4800 1 -732
4801 2 -549
4802 3 -366
4803 4 -183
4804 5 0
4805 6 183
4806 7 366
4807 8 549
4808 9 732
4809 10 915
4810 11 1098
4811 12 1281
4812 13 1464
4813 14 1647
4814 15 1830
4815 16 2013
4816 17 2196
4817 18 2379
4818 19 2562
4819 20 2745
4820 21 2928
4821 22 3111
4822 23 3294
4823 24 3477
4824 25 3660
4825 26 3843
4826 27 4026
4827 28 4209
4828 29 4392
4829 30 4575
4830 31 4758
4831 32 4941
4832 33 5124
4833 34 5307
4834 35 5490
4835 36 5673
4836 37 5856
4837 38 6039
4838 39 6222
4839 40 6405
4840 41 6588
4841 42 6771
4842 43 6954
4843 44 7137
4844 45 7320
4845 46 7503
4846 47 7686
4847 48 7869
4848 49 8052
4849 50 8235
4850 51 8418
4851 52 8601
4852 53 8784
4853 54 8967
4854 55 9150
4855 56 9333
4856 57 9516
4857 58 9699
4858 59 9882
4859 60 10065
4860 61 10248
4861 62 10431
4862 63 10614
4863 64 10797
4864 65 10980
4865 66 11163
4866 67 11346
4867 68 11529
4868 69 11712
4869 70 11895
4870 71 12078
4871 72 12261
4872 73 12444
4873 74 12627
4874 75 12810
4875 74 12993
4876 73 13196
4877 72 13417
4878 71 13592
4879 70 13655
4880 69 13592
4881 68 13417
4882 67 13196
4883 66 12993
4884 65 12810
4885 64 12627
4886 63 12444
4887 62 12261
4888 61 12078
4889 60 11895
4890 59 11712
4891 58 11529
4892 57 11346
4893 56 11163
4894 55 10980
4895 54 10797
4896 53 10614
4897 52 10431
4898 51 10248
4899 50 10065
4900 49 9882
4901 48 9699
4902 47 9516
4903 46 9333
4904 45 9150
4905 44 8967
4906 43 8784
4907 42 8601
4908 41 8418
4909 40 8235
4910 39 8052
4911 38 7869
4912 37 7686
4913 36 7503
4914 35 7320
4915 34 7137
4916 33 6954
4917 32 6771
4918 31 6588
4919 30 6405
4920 29 6222
4921 28 6039
4922 27 5856
4923 26 5673
4924 25 5490
4925 24 5307
4926 23 5124
4927 22 4941
4928 21 4758
4929 20 4575
4930 19 4392
4931 18 4209
4932 17 4026
4933 16 3843
4934 15 3660
4935 14 3477
4936 13 3294
4937 12 3111
4938 11 2928
4939 10 2745
4940 9 2562
4941 8 2379
4942 7 2196
4943 6 2013
4944 5 1830
4945 4 1647
4946 3 1464
4947 2 1281
4948 1 1098
4949 0 915
4950 -1 732
4951 -2 549
4952 -3 366
4953 -4 183
4954 -5 0
4955 -6 -183
4956 -7 -366
4957 -8 -549
4958 -9 -732
4959 -10 -915
4960 -11 -1098
4961 -12 -1281
4962 -13 -1464
4963 -14 -1647
4964 -15 -1830
4965 -16 -2013
4966 -17 -2196
4967 -18 -2379
4968 -19 -2562
4969 -20 -2745
4970 -21 -2928
4971 -22 -3111
4972 -23 -3294
4973 -24 -3477
4974 -25 -3660
4975 -26 -3843
4976 -27 -4026
4977 -28 -4209
4978 -29 -4392
4979 -30 -4575
4980 -31 -4758
4981 -32 -4941
4982 -33 -5124
4983 -34 -5307
4984 -35 -5490
4985 -36 -5673
4986 -37 -5856
4987 -38 -6039
4988 -39 -6222
4989 -40 -6405
4990 -41 -6588
4991 -42 -6771
4992 -43 -6954
4993 -44 -7137
4994 -45 -7320
4995 -46 -7503
4996 -47 -7686
4997 -48 -7869
4998 -49 -8052
4999 -50 -8235
5000 -51 -8418
5001 -52 -8601
5002 -53 -8784
5003 -54 -8967
5004 -55 -9150
5005 -56 -9333
5006 -57 -9516
5007 -58 -9699
5008 -59 -9882
5009 -60 -10065
5010 -61 -10248
5011 -62 -10431
5012 -63 -10614
5013 -64 -10797
5014 -65 -10980
5015 -66 -11163
5016 -67 -11346
5017 -68 -11529
5018 -69 -11712
5019 -70 -11895
5020 -71 -12078
5021 -72 -12261
5022 -73 -12444
5023 -74 -12627
5024 -75 -12810
5025 -74 -12993
5026 -73 -13196
5027 -72 -13417
5028 -71 -13592
5029 -70 -13655
5030 -69 -13592
5031 -68 -13417
5032 -67 -13196
5033 -66 -12993
5034 -65 -12810
5035 -64 -12627
5036 -63 -12444
5037 -62 -12261
5038 -61 -12078
5039 -60 -11895
5040 -59 -11712
5041 -58 -11529
5042 -57 -11346
5043 -56 -11163
5044 -55 -10980
5045 -54 -10797
5046 -53 -10614
5047 -52 -10431
5048 -51 -10248
5049 -50 -10065
5050 -49 -9882
5051 -48 -9699
5052 -47 -9516
5053 -46 -9333
5054 -45 -9150
5055 -44 -8967
5056 -43 -8784
5057 -42 -8601
5058 -41 -8418
5059 -40 -8235
5060 -39 -8052
5061 -38 -7869
5062 -37 -7686
5063 -36 -7503
5064 -35 -7320
5065 -34 -7137
5066 -33 -6954
5067 -32 -6771
5068 -31 -6588
5069 -30 -6405
5070 -29 -6222
5071 -28 -6039
5072 -27 -5856
5073 -26 -5673
5074 -25 -5490
5075 -24 -5307
5076 -23 -5124
5077 -22 -4941
5078 -21 -4758
5079 -20 -4575
5080 -19 -4392
5081 -18 -4209
5082 -17 -4026
5083 -16 -3843
5084 -15 -3660
5085 -14 -3477
5086 -13 -3294
5087 -12 -3111
5088 -11 -2928
5089 -10 -2745
5090 -9 -2562
5091 -8 -2379
5092 -7 -2196
5093 -6 -2013
5094 -5 -1830
5095 -4 -1647
5096 -3 -1464
5097 -2 -1281
5098 -1 -1098
5099 0 -915
5100 1 -732
5101 2 -549
5102 3 -366
5103 4 -183
5104 5 0
5105 6 183
5106 7 366
5107 8 549
5108 9 732
5109 10 915
5110 11 1098
5111 12 1281
5112 13 1464
5113 14 1647
5114 15 1830
5115 16 2013
5116 17 2196
5117 18 2379
5118 19 2562
5119 20 2745
5120 21 2928
5121 22 3111
5122 23 3294
5123 24 3477
5124 25 3660
5125 26 3843
5126 27 4026
5127 28 4209
5128 29 4392
5129 30 4575
5130 31 4758
5131 32 4941
5132 33 5124
5133 34 5307
5134 35 5490
5135 36 5673
5136 37 5856
5137 38 6039
5138 39 6222
5139 40 6405
5140 41 6588
5141 42 6771
5142 43 6954
5143 44 7137
5144 45 7320
5145 46 7503
5146 47 7686
5147 48 7869
5148 49 8052
5149 50 8235
5150 51 8418
5151 52 8601
5152 53 8784
5153 54 8967
5154 55 9150
5155 56 9333
5156 57 9516
5157 58 9699
5158 59 9882
5159 60 10065
5160 61 10248
5161 62 10431
5162 63 10614
5163 64 10797
5164 65 10980
5165 66 11163
5166 67 11346
5167 68 11529
5168 69 11712
5169 70 11895
5170 71 12078
5171 72 12261
5172 73 12444
5173 74 12627
5174 75 12810
5175 74 12993
5176 73 13196
5177 72 13417
5178 71 13592
5179 70 13655
5180 69 13592
5181 68 13417
5182 67 13196
5183 66 12993
5184 65 12810
5185 64 12627
5186 63 12444
5187 62 12261
5188 61 12078
5189 60 11895
5190 59 11712
5191 58 11529
5192 57 11346
5193 56 11163
5194 55 10980
5195 54 10797
5196 53 10614
5197 52 10431
5198 51 10248
5199 50 10065
5200 49 9882
5201 48 9699
5202 47 9516
5203 46 9333
5204 45 9150
5205 44 8967
5206 43 8784
5207 42 8601
5208 41 8418
5209 40 8235
5210 39 8052
5211 38 7869
5212 37 7686
5213 36 7503
5214 35 7320
5215 34 7137
5216 33 6954
5217 32 6771
5218 31 6588
5219 30 6405
5220 29 6222
5221 28 6039
5222 27 5856
5223 26 5673
5224 25 5490
5225 24 5307
5226 23 5124
5227 22 4941
5228 21 4758
5229 20 4575
5230 19 4392
5231 18 4209
5232 17 4026
5233 16 3843
5234 15 3660
5235 14 3477
5236 13 3294
5237 12 3111
5238 11 2928
5239 10 2745
5240 9 2562
5241 8 2379
5242 7 2196
5243 6 2013
5244 5 1830
5245 4 1647
5246 3 1464
5247 2 1281
5248 1 1098
5249 0 915
5250 -1 732
5251 -2 549
5252 -3 366
5253 -4 183
5254 -5 0
5255 -6 -183
5256 -7 -366
5257 -8 -549
5258 -9 -732
5259 -10 -915
5260 -11 -1098
5261 -12 -1281
5262 -13 -1464
5263 -14 -1647
5264 -15 -1830
5265 -16 -2013
5266 -17 -2196
5267 -18 -2379
5268 -19 -2562
5269 -20 -2745
5270 -21 -2928
5271 -22 -3111
5272 -23 -3294
5273 -24 -3477
5274 -25 -3660
5275 -26 -3843
5276 -27 -4026
5277 -28 -4209
5278 -29 -4392
5279 -30 -4575
5280 -31 -4758
5281 -32 -4941
5282 -33 -5124
5283 -34 -5307
5284 -35 -5490
5285 -36 -5673
5286 -37 -5856
5287 -38 -6039
5288 -39 -6222
5289 -40 -6405
5290 -41 -6588
5291 -42 -6771
5292 -43 -6954
5293 -44 -7137
5294 -45 -7320
5295 -46 -7503
5296 -47 -7686
5297 -48 -7869
5298 -49 -8052
5299 -50 -8235
5300 -51 -8418
5301 -52 -8601
5302 -53 -8784
5303 -54 -8967
5304 -55 -9150
5305 -56 -9333
5306 -57 -9516
5307 -58 -9699
5308 -59 -9882
5309 -60 -10065
5310 -61 -10248
5311 -62 -10431
5312 -63 -10614
5313 -64 -10797
5314 -65 -10980
5315 -66 -11163
5316 -67 -11346
5317 -68 -11529
5318 -69 -11712
5319 -70 -11895
5320 -71 -12078
5321 -72 -12261
5322 -73 -12444
5323 -74 -12627
5324 -75 -12810
5325 -74 -12993
5326 -73 -13196
5327 -72 -13417
5328 -71 -13592
5329 -70 -13655
5330 -69 -13592
5331 -68 -13417
5332 -67 -13196
5333 -66 -12993
5334 -65 -12810
5335 -64 -12627
5336 -63 -12444
5337 -62 -12261
5338 -61 -12078
5339 -60 -11895
5340 -59 -11712
5341 -58 -11529
5342 -57 -11346
5343 -56 -11163
5344 -55 -10980
5345 -54 -10797
5346 -53 -10614
5347 -52 -10431
5348 -51 -10248
5349 -50 -10065
5350 -49 -9882
5351 -48 -9699
5352 -47 -9516
5353 -46 -9333
5354 -45 -9150
5355 -44 -8967
5356 -43 -8784
5357 -42 -8601
5358 -41 -8418
5359 -40 -8235
5360 -39 -8052
5361 -38 -7869
5362 -37 -7686
5363 -36 -7503
5364 -35 -7320
5365 -34 -7137
5366 -33 -6954
5367 -32 -6771
5368 -31 -6588
5369 -30 -6405
5370 -29 -6222
5371 -28 -6039
5372 -27 -5856
5373 -26 -5673
5374 -25 -5490
5375 -24 -5307
5376 -23 -5124
5377 -22 -4941
5378 -21 -4758
5379 -20 -4575
5380 -19 -4392
5381 -18 -4209
5382 -17 -4026
5383 -16 -3843
5384 -15 -3660
5385 -14 -3477
5386 -13 -3294
5387 -12 -3111
5388 -11 -2928
5389 -10 -2745
5390 -9 -2562
5391 -8 -2379
5392 -7 -2196
5393 -6 -2013
5394 -5 -1830
5395 -4 -1647
5396 -3 -1464
5397 -2 -1281
5398 -1 -1098
5399 0 -915
5400 1 -732
5401 2 -549
5402 3 -366
5403 4 -183
5404 5 0
5405 6 183
5406 7 366
5407 8 549
5408 9 732
5409 10 915
5410 11 1098
5411 12 1281
5412 13 1464
5413 14 1647
5414 15 1830
5415 16 2013
5416 17 2196
5417 18 2379
5418 19 2562
5419 20 2745
5420 21 2928
5421 22 3111
5422 23 3294
5423 24 3477
5424 25 3660
5425 26 3843
5426 27 4026
5427 28 4209
5428 29 4392
5429 30 4575
5430 31 4758
5431 32 4941
5432 33 5124
5433 34 5307
5434 35 5490
5435 36 5673
5436 37 5856
5437 38 6039
5438 39 6222
5439 40 6405
5440 41 6588
5441 42 6771
5442 43 6954
5443 44 7137
5444 45 7320
5445 46 7503
5446 47 7686
5447 48 7869
5448 49 8052
5449 50 8235
5450 51 8418
5451 52 8601
5452 53 8784
5453 54 8967
5454 55 9150
5455 56 9333
5456 57 9516
5457 58 9699
5458 59 9882
5459 60 10065
5460 61 10248
5461 62 10431
5462 63 10614
5463 64 10797
5464 65 10980
5465 66 11163
5466 67 11346
5467 68 11529
5468 69 11712
5469 70 11895
5470 71 12078
5471 72 12261
5472 73 12444
5473 74 12627
5474 75 12810
5475 74 12993
5476 73 13196
5477 72 13417
5478 71 13592
5479 70 13655
5480 69 13592
5481 68 13417
5482 67 13196
5483 66 12993
5484 65 12810
5485 64 12627
5486 63 12444
5487 62 12261
5488 61 12078
5489 60 11895
5490 59 11712
5491 58 11529
5492 57 11346
5493 56 11163
5494 55 10980
5495 54 10797
5496 53 10614
5497 52 10431
5498 51 10248
5499 50 10065
5500 49 9882
5501 48 9699
5502 47 9516
5503 46 9333
5504 45 9150
5505 44 8967
5506 43 8784
5507 42 8601
5508 41 8418
5509 40 8235
5510 39 8052
5511 38 7869
5512 37 7686
5513 36 7503
5514 35 7320
5515 34 7137
5516 33 6954
5517 32 6771
5518 31 6588
5519 30 6405
5520 29 6222
5521 28 6039
5522 27 5856
5523 26 5673
5524 25 5490
5525 24 5307
5526 23 5124
5527 22 4941
5528 21 4758
5529 20 4575
5530 19 4392
5531 18 4209
5532 17 4026
5533 16 3843
5534 15 3660
5535 14 3477
5536 13 3294
5537 12 3111
5538 11 2928
5539 10 2745
5540 9 2562
5541 8 2379
5542 7 2196
5543 6 2013
5544 5 1830
5545 4 1647
5546 3 1464
5547 2 1281
5548 1 1098
5549 0 915
5550 -1 732
5551 -2 549
5552 -3 366
5553 -4 183
5554 -5 0
5555 -6 -183
5556 -7 -366
5557 -8 -549
5558 -9 -732
5559 -10 -915
5560 -11 -1098
5561 -12 -1281
5562 -13 -1464
5563 -14 -1647
5564 -15 -1830
5565 -16 -2013
5566 -17 -2196
5567 -18 -2379
5568 -19 -2562
5569 -20 -2745
5570 -21 -2928
5571 -22 -3111
5572 -23 -3294
5573 -24 -3477
5574 -25 -3660
5575 -26 -3843
5576 -27 -4026
5577 -28 -4209
5578 -29 -4392
5579 -30 -4575
5580 -31 -4758
5581 -32 -4941
5582 -33 -5124
5583 -34 -5307
5584 -35 -5490
5585 -36 -5673
5586 -37 -5856
5587 -38 -6039
5588 -39 -6222
5589 -40 -6405
5590 -41 -6588
5591 -42 -6771
5592 -43 -6954
5593 -44 -7137
5594 -45 -7320
5595 -46 -7503
5596 -47 -7686
5597 -48 -7869
5598 -49 -8052
5599 -50 -8235
5600 -51 -8418
5601 -52 -8601
5602 -53 -8784
5603 -54 -8967
5604 -55 -9150
5605 -56 -9333
5606 -57 -9516
5607 -58 -9699
5608 -59 -9882
5609 -60 -10065
5610 -61 -10248
5611 -62 -10431
5612 -63 -10614
5613 -64 -10797
5614 -65 -10980
5615 -66 -11163
5616 -67 -11346
5617 -68 -11529
5618 -69 -11712
5619 -70 -11895
5620 -71 -12078
5621 -72 -12261
5622 -73 -12444
5623 -74 -12627
5624 -75 -12810
5625 -74 -12993
5626 -73 -13196
5627 -72 -13417
5628 -71 -13592
5629 -70 -13655
5630 -69 -13592
5631 -68 -13417
5632 -67 -13196
5633 -66 -12993
5634 -65 -12810
5635 -64 -12627
5636 -63 -12444
5637 -62 -12261
5638 -61 -12078
5639 -60 -11895
5640 -59 -11712
5641 -58 -11529
5642 -57 -11346
5643 -56 -11163
5644 -55 -10980
5645 -54 -10797
5646 -53 -10614
5647 -52 -10431
5648 -51 -10248
5649 -50 -10065
5650 -49 -9882
5651 -48 -9699
5652 -47 -9516
5653 -46 -9333
5654 -45 -9150
5655 -44 -8967
5656 -43 -8784
5657 -42 -8601
5658 -41 -8418
5659 -40 -8235
5660 -39 -8052
5661 -38 -7869
5662 -37 -7686
5663 -36 -7503
5664 -35 -7320
5665 -34 -7137
5666 -33 -6954
5667 -32 -6771
5668 -31 -6588
5669 -30 -6405
5670 -29 -6222
5671 -28 -6039
5672 -27 -5856
5673 -26 -5673
5674 -25 -5490
5675 -24 -5307
5676 -23 -5124
5677 -22 -4941
5678 -21 -4758
5679 -20 -4575
5680 -19 -4392
5681 -18 -4209
5682 -17 -4026
5683 -16 -3843
5684 -15 -3660
5685 -14 -3477
5686 -13 -3294
5687 -12 -3111
5688 -11 -2928
5689 -10 -2745
5690 -9 -2562
5691 -8 -2379
5692 -7 -2196
5693 -6 -2013
5694 -5 -1830
5695 -4 -1647
5696 -3 -1464
5697 -2 -1281
5698 -1 -1098
5699 0 -915
5700 1 -732
5701 2 -549
5702 3 -366
5703 4 -183
5704 5 0
5705 6 183
5706 7 366
5707 8 549
5708 9 732
5709 10 915
5710 11 1098
5711 12 1281
5712 13 1464
5713 14 1647
5714 15 1830
5715 16 2013
5716 17 2196
5717 18 2379
5718 19 2562
5719 20 2745
5720 21 2928
5721 22 3111
5722 23 3294
5723 24 3477
5724 25 3660
5725 26 3843
5726 27 4026
5727 28 4209
5728 29 4392
5729 30 4575
5730 31 4758
5731 32 4941
5732 33 5124
5733 34 5307
5734 35 5490
5735 36 5673
5736 37 5856
5737 38 6039
5738 39 6222
5739 40 6405
5740 41 6588
5741 42 6771
5742 43 6954
5743 44 7137
5744 45 7320
5745 46 7503
5746 47 7686
5747 48 7869
5748 49 8052
5749 50 8235
5750 51 8418
5751 52 8601
5752 53 8784
5753 54 8967
5754 55 9150
5755 56 9333
5756 57 9516
5757 58 9699
5758 59 9882
5759 60 10065
5760 61 10248
5761 62 10431
5762 63 10614
5763 64 10797
5764 65 10980
5765 66 11163
5766 67 11346
5767 68 11529
5768 69 11712
5769 70 11895
5770 71 12078
5771 72 12261
5772 73 12444
5773 74 12627
5774 75 12810
5775 74 12993
5776 73 13196
5777 72 13417
5778 71 13592
5779 70 13655
5780 69 13592
5781 68 13417
5782 67 13196
5783 66 12993
5784 65 12810
5785 64 12627
5786 63 12444
5787 62 12261
5788 61 12078
5789 60 11895
5790 59 11712
5791 58 11529
5792 57 11346
5793 56 11163
5794 55 10980
5795 54 10797
5796 53 10614
5797 52 10431
5798 51 10248
5799 50 10065
5800 49 9882
5801 48 9699
5802 47 9516
5803 46 9333
5804 45 9150
5805 44 8967
5806 43 8784
5807 42 8601
5808 41 8418
5809 40 8235
5810 39 8052
5811 38 7869
5812 37 7686
5813 36 7503
5814 35 7320
5815 34 7137
5816 33 6954
5817 32 6771
5818 31 6588
5819 30 6405
5820 29 6222
5821 28 6039
5822 27 5856
5823 26 5673
5824 25 5490
5825 24 5307
5826 23 5124
5827 22 4941
5828 21 4758
5829 20 4575
5830 19 4392
5831 18 4209
5832 17 4026
5833 16 3843
5834 15 3660
5835 14 3477
5836 13 3294
5837 12 3111
5838 11 2928
5839 10 2745
5840 9 2562
5841 8 2379
5842 7 2196
5843 6 2013
5844 5 1830
5845 4 1647
5846 3 1464
5847 2 1281
5848 1 1098
5849 0 915
5850 -1 732
5851 -2 549
5852 -3 366
5853 -4 183
5854 -5 0
5855 -6 -183
5856 -7 -366
5857 -8 -549
5858 -9 -732
5859 -10 -915
5860 -11 -1098
5861 -12 -1281
5862 -13 -1464
5863 -14 -1647
5864 -15 -1830
5865 -16 -2013
5866 -17 -2196
5867 -18 -2379
5868 -19 -2562
5869 -20 -2745
5870 -21 -2928
5871 -22 -3111
5872 -23 -3294
5873 -24 -3477
5874 -25 -3660
5875 -26 -3843
5876 -27 -4026
5877 -28 -4209
5878 -29 -4392
5879 -30 -4575
5880 -31 -4758
5881 -32 -4941
5882 -33 -5124
5883 -34 -5307
5884 -35 -5490
5885 -36 -5673
5886 -37 -5856
5887 -38 -6039
5888 -39 -6222
5889 -40 -6405
5890 -41 -6588
5891 -42 -6771
5892 -43 -6954
5893 -44 -7137
5894 -45 -7320
5895 -46 -7503
5896 -47 -7686
5897 -48 -7869
5898 -49 -8052
5899 -50 -8235
5900 -51 -8418
5901 -52 -8601
5902 -53 -8784
5903 -54 -8967
5904 -55 -9150
5905 -56 -9333
5906 -57 -9516
5907 -58 -9699
5908 -59 -9882
5909 -60 -10065
5910 -61 -10248
5911 -62 -10431
5912 -63 -10614
5913 -64 -10797
5914 -65 -10980
5915 -66 -11163
5916 -67 -11346
5917 -68 -11529
5918 -69 -11712
5919 -70 -11895
5920 -71 -12078
5921 -72 -12261
5922 -73 -12444
5923 -74 -12627
5924 -75 -12810
5925 -74 -12993
5926 -73 -13196
5927 -72 -13417
5928 -71 -13592
5929 -70 -13655
5930 -69 -13592
5931 -68 -13417
5932 -67 -13196
5933 -66 -12993
5934 -65 -12810
5935 -64 -12627
5936 -63 -12444
5937 -62 -12261
5938 -61 -12078
5939 -60 -11895
5940 -59 -11712
5941 -58 -11529
5942 -57 -11346
5943 -56 -11163
5944 -55 -10980
5945 -54 -10797
5946 -53 -10614
5947 -52 -10431
5948 -51 -10248
5949 -50 -10065
5950 -49 -9882
5951 -48 -9699
5952 -47 -9516
5953 -46 -9333
5954 -45 -9150
5955 -44 -8967
5956 -43 -8784
5957 -42 -8601
5958 -41 -8418
5959 -40 -8235
5960 -39 -8052
5961 -38 -7869
5962 -37 -7686
5963 -36 -7503
5964 -35 -7320
5965 -34 -7137
5966 -33 -6954
5967 -32 -6771
5968 -31 -6588
5969 -30 -6405
5970 -29 -6222
5971 -28 -6039
5972 -27 -5856
5973 -26 -5673
5974 -25 -5490
5975 -24 -5307
5976 -23 -5124
5977 -22 -4941
5978 -21 -4758
5979 -20 -4575
5980 -19 -4392
5981 -18 -4209
5982 -17 -4026
5983 -16 -3843
5984 -15 -3660
5985 -14 -3477
5986 -13 -3294
5987 -12 -3111
5988 -11 -2928
5989 -10 -2745
5990 -9 -2562
5991 -8 -2379
5992 -7 -2196
5993 -6 -2013
5994 -5 -1830
5995 -4 -1647
5996 -3 -1464
5997 -2 -1281
5998 -1 -1098
5999 0 -915
6000 1 -732
